row_idx	col_idx	log2ratio
1	1	0
1	2	0.665145
1	3	0.375338
1	4	0.314785
1	5	0.0144252
1	6	0.00624675
1	7	0.424955
1	8	0.22788
1	9	0.00943795
1	10	0.00732181
1	11	0.307647
1	12	0.147972
1	13	0.246515
1	14	0.0972069
1	15	0.0263135
1	16	0.00910722
1	17	0.191517
1	18	0.148704
1	19	0.535962
1	20	0.553342
1	21	0.0147355
1	22	0
1	23	0.221029
1	24	0.177701
1	25	0.0435816
1	26	0.0249584
1	27	0.0149287
1	28	0.00352287
1	29	0.0772785
1	30	0.0472245
1	31	0.100869
1	32	0.0823316
1	33	0.358308
1	34	0.285223
1	35	0.039871
1	36	0.0143972
1	37	0.0299413
1	38	0.00789016
1	39	0.008623
1	40	0.0140334
1	41	0.110211
1	42	0.0245519
1	43	0.182779
1	44	0.189956
1	45	0.19653
1	46	0.240488
1	47	0.20857
1	48	0.20107
1	49	0.264842
1	50	0.253092
1	51	0.251207
1	52	0.19914
1	53	0.191324
1	54	0.176981
1	55	0.135452
1	56	0.129597
1	57	0.717257
1	58	0.639155
1	59	0.431999
1	60	0.283454
1	61	0.487189
1	62	0.236322
1	63	0.242445
1	64	0.180412
1	65	0.0899732
1	66	0.0675563
1	67	0.21793
1	68	0.160368
1	69	0.526797
1	70	0.49034
1	71	0.00131548
1	72	0
1	73	0.0839582
1	74	0.0645013
1	75	0.0368865
1	76	0.0545814
1	77	0.0314231
1	78	0.0241031
1	79	0.0607192
1	80	0.0624852
1	81	0.0930349
1	82	0.110273
1	83	0.0795319
1	84	0.0503285
1	85	0.106426
1	86	0.0628119
1	87	0.0244275
1	88	0.0133706
1	89	0.0793815
1	90	0.0851523
2	1	0.665145
2	2	0
2	3	0.272933
2	4	0.329164
2	5	0.0497337
2	6	0.0248381
2	7	0.224741
2	8	0.317656
2	9	0.0272119
2	10	0.0149527
2	11	0.183313
2	12	0.256472
2	13	0.120376
2	14	0.212009
2	15	0.0144856
2	16	0.0289506
2	17	0.250651
2	18	0.266393
2	19	0.476197
2	20	0.629095
2	21	0.020239
2	22	0.0172524
2	23	0.150156
2	24	0.168504
2	25	0.0573344
2	26	0.0449268
2	27	0.0712968
2	28	0.0268193
2	29	0.118123
2	30	0.0706261
2	31	0.0830245
2	32	0.0979948
2	33	0.349699
2	34	0.32883
2	35	0.0287213
2	36	0.0139138
2	37	0.0163089
2	38	0.00653147
2	39	0
2	40	0.0120564
2	41	0.0629118
2	42	0.0317709
2	43	0.124129
2	44	0.157101
2	45	0.158975
2	46	0.208633
2	47	0.184954
2	48	0.159251
2	49	0.233417
2	50	0.230948
2	51	0.195901
2	52	0.201104
2	53	0.173362
2	54	0.16635
2	55	0.108037
2	56	0.11949
2	57	0.656542
2	58	0.817978
2	59	0.322321
2	60	0.285341
2	61	0.308277
2	62	0.261229
2	63	0.193144
2	64	0.311769
2	65	0.0162131
2	66	0.0314198
2	67	0.115094
2	68	0.0990305
2	69	0.53166
2	70	0.513732
2	71	0.00561888
2	72	0.0218998
2	73	0.0806717
2	74	0.0796728
2	75	0.04935
2	76	0.0632865
2	77	0.039833
2	78	0.049868
2	79	0.0798913
2	80	0.0971266
2	81	0.149304
2	82	0.224381
2	83	0.079092
2	84	0.0764051
2	85	0.032892
2	86	0.0711459
2	87	0.0234444
2	88	0.0330735
2	89	0.0331615
2	90	0.0732332
3	1	0.375338
3	2	0.272933
3	3	0
3	4	0.688288
3	5	0.0848252
3	6	0.0311105
3	7	0.737189
3	8	0.423143
3	9	0.0901014
3	10	0.0414268
3	11	0.155416
3	12	0.0850962
3	13	0.300869
3	14	0.152431
3	15	0.0630564
3	16	0.0278444
3	17	0.0202446
3	18	0.0162528
3	19	0.485357
3	20	0.373683
3	21	0.0416965
3	22	0.0300644
3	23	0.675725
3	24	0.664497
3	25	0.188673
3	26	0.138656
3	27	0.03227
3	28	0.00534011
3	29	0.0437086
3	30	0.0200165
3	31	0.37255
3	32	0.37858
3	33	0.244713
3	34	0.250921
3	35	0.210723
3	36	0.123298
3	37	0.0805168
3	38	0.0297873
3	39	0.0374341
3	40	0.0169494
3	41	0.0655606
3	42	0.0155284
3	43	0.185686
3	44	0.161174
3	45	0.155348
3	46	0.156865
3	47	0.150736
3	48	0.160365
3	49	0.154795
3	50	0.183095
3	51	0.228701
3	52	0.163102
3	53	0.155493
3	54	0.156466
3	55	0.101052
3	56	0.0513424
3	57	0.240027
3	58	0.262549
3	59	0.187327
3	60	0.150357
3	61	0.207639
3	62	0.146344
3	63	0.0820354
3	64	0.0626014
3	65	0.30427
3	66	0.247981
3	67	0.308417
3	68	0.206155
3	69	0.275538
3	70	0.269936
3	71	0.131808
3	72	0.161098
3	73	0.132537
3	74	0.0738101
3	75	0.0667135
3	76	0.0623185
3	77	0.0771707
3	78	0.0677463
3	79	0.0290792
3	80	0.0528747
3	81	0.0549703
3	82	0.038178
3	83	0.0285914
3	84	0.0235512
3	85	0.188478
3	86	0.0754021
3	87	0.0640326
3	88	0.00596233
3	89	0.107048
3	90	0.0705123
4	1	0.314785
4	2	0.329164
4	3	0.688288
4	4	0
4	5	0.0512936
4	6	0.0403722
4	7	0.507797
4	8	0.659435
4	9	0.0302801
4	10	0.0413287
4	11	0.0952884
4	12	0.143202
4	13	0.115361
4	14	0.172947
4	15	0.0100914
4	16	0.0427349
4	17	0.00982473
4	18	0.00869736
4	19	0.350404
4	20	0.380057
4	21	0.0237335
4	22	0.046368
4	23	0.482897
4	24	0.629617
4	25	0.0885321
4	26	0.111199
4	27	0.0195745
4	28	0.0121692
4	29	0.0374974
4	30	0.0205269
4	31	0.281601
4	32	0.348476
4	33	0.190514
4	34	0.302868
4	35	0.134645
4	36	0.0941585
4	37	0.0512202
4	38	0.0227225
4	39	0.020895
4	40	0.0102168
4	41	0.053661
4	42	0.0110037
4	43	0.114832
4	44	0.120578
4	45	0.10513
4	46	0.132813
4	47	0.123112
4	48	0.12361
4	49	0.113946
4	50	0.138437
4	51	0.150944
4	52	0.136959
4	53	0.109611
4	54	0.125586
4	55	0.0662217
4	56	0.0544172
4	57	0.188045
4	58	0.267658
4	59	0.127347
4	60	0.151994
4	61	0.153065
4	62	0.22053
4	63	0.0621957
4	64	0.0990975
4	65	0.1331
4	66	0.303225
4	67	0.177149
4	68	0.213498
4	69	0.210265
4	70	0.21735
4	71	0.129315
4	72	0.136564
4	73	0.0922737
4	74	0.071767
4	75	0.0674575
4	76	0.0437683
4	77	0.0403956
4	78	0.052589
4	79	0.041975
4	80	0.0624899
4	81	0.0517791
4	82	0.0823022
4	83	0.0274778
4	84	0.045275
4	85	0.057175
4	86	0.130048
4	87	0.0344397
4	88	0.0218876
4	89	0.0556399
4	90	0.0631764
5	1	0.0144252
5	2	0.0497337
5	3	0.0848252
5	4	0.0512936
5	5	0
5	6	0.728552
5	7	0.058417
5	8	0.065043
5	9	0.669903
5	10	0.651974
5	11	0.0621764
5	12	0.00144114
5	13	0.0761032
5	14	0.0441995
5	15	0.569263
5	16	0.57023
5	17	0.0858991
5	18	0.0735425
5	19	0.0292409
5	20	0.0339071
5	21	0.38162
5	22	0.458699
5	23	0.0503717
5	24	0.0623391
5	25	0.655351
5	26	0.677477
5	27	0.676838
5	28	0.587216
5	29	0.092756
5	30	0.0875382
5	31	0.203775
5	32	0.189734
5	33	0.0133195
5	34	0.0135962
5	35	0.0591409
5	36	0.0817177
5	37	0.0137644
5	38	0.0168636
5	39	0.210349
5	40	0.186218
5	41	0.00996576
5	42	0.0145622
5	43	0.101779
5	44	0.113988
5	45	0.114837
5	46	0.149349
5	47	0.0614822
5	48	0.0594228
5	49	0.127916
5	50	0.162206
5	51	0.161179
5	52	0.184717
5	53	0.121443
5	54	0.228074
5	55	0.165991
5	56	0.142712
5	57	0.0609145
5	58	0.0571263
5	59	0.0797279
5	60	0.105632
5	61	0.0294292
5	62	0.0351734
5	63	0.0902473
5	64	0.0319545
5	65	0.0972764
5	66	0.0846354
5	67	0.0508097
5	68	0.055869
5	69	0.0321484
5	70	0.0644565
5	71	0.240251
5	72	0.214726
5	73	0.140609
5	74	0.0531436
5	75	0.106727
5	76	0.0262092
5	77	0.0727408
5	78	0.0643574
5	79	0.134083
5	80	0.17983
5	81	0.274185
5	82	0.146249
5	83	0.21116
5	84	0.224824
5	85	0.238573
5	86	0.256692
5	87	0.274004
5	88	0.216384
5	89	0.267525
5	90	0.253508
6	1	0.00624675
6	2	0.0248381
6	3	0.0311105
6	4	0.0403722
6	5	0.728552
6	6	0
6	7	0.00829353
6	8	0.0904162
6	9	0.521367
6	10	0.73286
6	11	0.0689415
6	12	0.0411901
6	13	0.0732
6	14	0.099828
6	15	0.362154
6	16	0.57399
6	17	0.0214662
6	18	0.0666841
6	19	0.0147462
6	20	0.0122784
6	21	0.308281
6	22	0.433157
6	23	0.0406088
6	24	0.0367739
6	25	0.515551
6	26	0.623266
6	27	0.56277
6	28	0.648027
6	29	0.0151149
6	30	0.0543965
6	31	0.128855
6	32	0.146607
6	33	0.00981922
6	34	0.0158147
6	35	0.0802875
6	36	0.083434
6	37	0.0134763
6	38	0.0255559
6	39	0.215276
6	40	0.232198
6	41	0.0167597
6	42	0.0365356
6	43	0.0686546
6	44	0.0874116
6	45	0.0634033
6	46	0.0862944
6	47	0.0704892
6	48	0.0650788
6	49	0.105606
6	50	0.126209
6	51	0.122438
6	52	0.128694
6	53	0.161803
6	54	0.23703
6	55	0.197574
6	56	0.217882
6	57	0.0257701
6	58	0.0387584
6	59	0.094917
6	60	0.109239
6	61	0.0213493
6	62	0.0497142
6	63	0.0839032
6	64	0.0990064
6	65	0.0813064
6	66	0.0646726
6	67	0.0546511
6	68	0.0379284
6	69	0.0169913
6	70	0.0491652
6	71	0.302363
6	72	0.276102
6	73	0.10556
6	74	0.0924062
6	75	0.13047
6	76	0.0362983
6	77	0.0746865
6	78	0.0634627
6	79	0.0723112
6	80	0.109116
6	81	0.177377
6	82	0.0924562
6	83	0.155077
6	84	0.23016
6	85	0.188638
6	86	0.280935
6	87	0.243421
6	88	0.266198
6	89	0.283287
6	90	0.325748
7	1	0.424955
7	2	0.224741
7	3	0.737189
7	4	0.507797
7	5	0.058417
7	6	0.00829353
7	7	0
7	8	0.544635
7	9	0.114003
7	10	0.0239419
7	11	0.340076
7	12	0.180535
7	13	0.513017
7	14	0.209248
7	15	0.0643933
7	16	0.0135183
7	17	0.0617155
7	18	0.0127109
7	19	0.38828
7	20	0.288166
7	21	0.0134289
7	22	0.0132947
7	23	0.615139
7	24	0.490916
7	25	0.0913912
7	26	0.0591101
7	27	0.00762143
7	28	0
7	29	0.0739684
7	30	0.0144959
7	31	0.314398
7	32	0.300157
7	33	0.268552
7	34	0.242942
7	35	0.193037
7	36	0.126997
7	37	0.0360741
7	38	0.0141053
7	39	0.024001
7	40	0.00270166
7	41	0.0558367
7	42	0.00120989
7	43	0.172108
7	44	0.150548
7	45	0.15123
7	46	0.142433
7	47	0.141338
7	48	0.139216
7	49	0.142054
7	50	0.128198
7	51	0.215461
7	52	0.124008
7	53	0.150943
7	54	0.122089
7	55	0.102895
7	56	0.0377412
7	57	0.23795
7	58	0.192742
7	59	0.193705
7	60	0.130352
7	61	0.30637
7	62	0.235918
7	63	0.163029
7	64	0.114321
7	65	0.274458
7	66	0.228504
7	67	0.287995
7	68	0.15452
7	69	0.200254
7	70	0.214933
7	71	0.0809897
7	72	0.0702927
7	73	0.101451
7	74	0.0794094
7	75	0.0373225
7	76	0.0677398
7	77	0.041684
7	78	0.0261541
7	79	0.00697173
7	80	0.0167181
7	81	0.0784115
7	82	0.0476993
7	83	0.0227643
7	84	0.0154882
7	85	0.179383
7	86	0.0591159
7	87	0.0247224
7	88	0
7	89	0.108144
7	90	0.0602775
8	1	0.22788
8	2	0.317656
8	3	0.423143
8	4	0.659435
8	5	0.065043
8	6	0.0904162
8	7	0.544635
8	8	0
8	9	0.112834
8	10	0.134575
8	11	0.169707
8	12	0.382009
8	13	0.226155
8	14	0.415691
8	15	0.0347552
8	16	0.0964776
8	17	0.0700607
8	18	0.111097
8	19	0.225196
8	20	0.28106
8	21	0.0114296
8	22	0.0319693
8	23	0.33198
8	24	0.46097
8	25	0.0150538
8	26	0.0566954
8	27	0.0152587
8	28	0.0344729
8	29	0.117223
8	30	0.0951503
8	31	0.207587
8	32	0.320282
8	33	0.262763
8	34	0.400585
8	35	0.0857677
8	36	0.0839715
8	37	0.00622748
8	38	0.00880426
8	39	0.00423931
8	40	0.0032418
8	41	0.0396361
8	42	0.0139432
8	43	0.059076
8	44	0.0592226
8	45	0.0554926
8	46	0.0790881
8	47	0.082656
8	48	0.0706555
8	49	0.04152
8	50	0.0339495
8	51	0.0564305
8	52	0.0312174
8	53	0.0860121
8	54	0.0699232
8	55	0.0585182
8	56	0.0235859
8	57	0.129632
8	58	0.216158
8	59	0.0764277
8	60	0.143388
8	61	0.139184
8	62	0.360482
8	63	0.133648
8	64	0.269905
8	65	0.025356
8	66	0.1872
8	67	0.126047
8	68	0.150504
8	69	0.120634
8	70	0.156801
8	71	0.0439513
8	72	0.0957039
8	73	0.103009
8	74	0.114153
8	75	0.0493896
8	76	0.0677445
8	77	0.0366517
8	78	0.0467838
8	79	0.0176676
8	80	0.077533
8	81	0.0845506
8	82	0.165593
8	83	0.02331
8	84	0.0602665
8	85	0.0673601
8	86	0.120705
8	87	0.0205259
8	88	0.0181687
8	89	0.0535563
8	90	0.0639256
9	1	0.00943795
9	2	0.0272119
9	3	0.0901014
9	4	0.0302801
9	5	0.669903
9	6	0.521367
9	7	0.114003
9	8	0.112834
9	9	0
9	10	0.698181
9	11	0.120467
9	12	0.0760979
9	13	0.149003
9	14	0.125644
9	15	0.658216
9	16	0.574471
9	17	0.162137
9	18	0.136702
9	19	0.0321632
9	20	0.0414625
9	21	0.321817
9	22	0.340319
9	23	0.0575975
9	24	0.0802584
9	25	0.465891
9	26	0.52749
9	27	0.417863
9	28	0.404953
9	29	0.158897
9	30	0.111609
9	31	0.1681
9	32	0.167821
9	33	0.000767882
9	34	0.0142848
9	35	0.0499681
9	36	0.0765755
9	37	0.00329377
9	38	0.0154723
9	39	0.134111
9	40	0.130371
9	41	0.0236592
9	42	0.018971
9	43	0.0729862
9	44	0.0689827
9	45	0.140558
9	46	0.136975
9	47	0.0268665
9	48	0.0432374
9	49	0.167249
9	50	0.122223
9	51	0.172185
9	52	0.155533
9	53	0.119802
9	54	0.187485
9	55	0.121746
9	56	0.0993843
9	57	0.0358817
9	58	0.0326745
9	59	0.103444
9	60	0.105152
9	61	0.0541268
9	62	0.048101
9	63	0.0981195
9	64	0.0413797
9	65	0.15728
9	66	0.0966841
9	67	0.0372544
9	68	0.0556992
9	69	0.0358974
9	70	0.0477649
9	71	0.211058
9	72	0.18729
9	73	0.217119
9	74	0.0921556
9	75	0.154378
9	76	0.0536305
9	77	0.0664707
9	78	0.063997
9	79	0.147377
9	80	0.198151
9	81	0.252475
9	82	0.161425
9	83	0.139758
9	84	0.167862
9	85	0.266302
9	86	0.209904
9	87	0.184443
9	88	0.146895
9	89	0.220371
9	90	0.176819
10	1	0.00732181
10	2	0.0149527
10	3	0.0414268
10	4	0.0413287
10	5	0.651974
10	6	0.73286
10	7	0.0239419
10	8	0.134575
10	9	0.698181
10	10	0
10	11	0.0357019
10	12	0.0654171
10	13	0.024201
10	14	0.101576
10	15	0.49105
10	16	0.702768
10	17	0.0845311
10	18	0.0807193
10	19	0.0231739
10	20	0.00553786
10	21	0.288812
10	22	0.397879
10	23	0.0394598
10	24	0.0722185
10	25	0.41081
10	26	0.545712
10	27	0.473922
10	28	0.562853
10	29	0.0781915
10	30	0.10969
10	31	0.101422
10	32	0.122665
10	33	0.00405315
10	34	0.00912281
10	35	0.0520756
10	36	0.0698505
10	37	0.00727028
10	38	0.0184416
10	39	0.158985
10	40	0.158367
10	41	0
10	42	0.0221939
10	43	0.0892868
10	44	0.07818
10	45	0.126688
10	46	0.133025
10	47	0.0533194
10	48	0.0534556
10	49	0.156443
10	50	0.128206
10	51	0.172983
10	52	0.185849
10	53	0.138111
10	54	0.20504
10	55	0.160827
10	56	0.164228
10	57	0.00690485
10	58	0.0170044
10	59	0.0954457
10	60	0.109218
10	61	0.0114438
10	62	0.0508623
10	63	0.0668438
10	64	0.0563687
10	65	0.111619
10	66	0.0958723
10	67	0.0445887
10	68	0.0472956
10	69	0.0192193
10	70	0.0196922
10	71	0.263151
10	72	0.268094
10	73	0.163242
10	74	0.108556
10	75	0.161008
10	76	0.084571
10	77	0.0970087
10	78	0.087681
10	79	0.126513
10	80	0.18714
10	81	0.213944
10	82	0.151191
10	83	0.127268
10	84	0.222941
10	85	0.203776
10	86	0.290918
10	87	0.211884
10	88	0.21044
10	89	0.239265
10	90	0.304496
11	1	0.307647
11	2	0.183313
11	3	0.155416
11	4	0.0952884
11	5	0.0621764
11	6	0.0689415
11	7	0.340076
11	8	0.169707
11	9	0.120467
11	10	0.0357019
11	11	0
11	12	0.470381
11	13	0.710459
11	14	0.428696
11	15	0.103721
11	16	0.0188349
11	17	0.372551
11	18	0.313847
11	19	0.236065
11	20	0.151905
11	21	0.0350254
11	22	0.0501778
11	23	0.20765
11	24	0.152942
11	25	0.0672338
11	26	0.0576202
11	27	0.0193434
11	28	0.00716806
11	29	0.323884
11	30	0.134694
11	31	0.267548
11	32	0.249535
11	33	0.141923
11	34	0.122037
11	35	0.0948363
11	36	0.081999
11	37	0.0632104
11	38	0.00979757
11	39	0.00766829
11	40	0.0267534
11	41	0.0865053
11	42	0.00931148
11	43	0.0817518
11	44	0.0936423
11	45	0.070451
11	46	0.0893536
11	47	0.0900897
11	48	0.0846195
11	49	0.113489
11	50	0.0984678
11	51	0.117107
11	52	0.0742524
11	53	0.081831
11	54	0.0622969
11	55	0.058669
11	56	0.0259778
11	57	0.203027
11	58	0.133817
11	59	0.092124
11	60	0.0362577
11	61	0.208126
11	62	0.0965558
11	63	0.364404
11	64	0.269522
11	65	0.131689
11	66	0.0858209
11	67	0.078258
11	68	0.0608744
11	69	0.109867
11	70	0.118779
11	71	0.11155
11	72	0.0743236
11	73	0.176132
11	74	0.152076
11	75	0.064406
11	76	0.0784163
11	77	0.0517239
11	78	0.0256162
11	79	0.145898
11	80	0.112034
11	81	0.209196
11	82	0.130516
11	83	0.0462058
11	84	0.0124305
11	85	0.116195
11	86	0.0518677
11	87	0.0354195
11	88	0.0230499
11	89	0.0588679
11	90	0.0255754
12	1	0.147972
12	2	0.256472
12	3	0.0850962
12	4	0.143202
12	5	0.00144114
12	6	0.0411901
12	7	0.180535
12	8	0.382009
12	9	0.0760979
12	10	0.0654171
12	11	0.470381
12	12	0
12	13	0.354605
12	14	0.73883
12	15	0.0256724
12	16	0.0811565
12	17	0.333306
12	18	0.486269
12	19	0.144088
12	20	0.191676
12	21	0.000716203
12	22	0.0160569
12	23	0.126883
12	24	0.183539
12	25	0.00942893
12	26	0.0155698
12	27	0.0103623
12	28	0.0184022
12	29	0.323248
12	30	0.283775
12	31	0.175894
12	32	0.227757
12	33	0.187061
12	34	0.275434
12	35	0.123313
12	36	0.155007
12	37	0.0764136
12	38	0.0568718
12	39	0.0398486
12	40	0.0808837
12	41	0.0912362
12	42	0.0580505
12	43	0.030853
12	44	0.0569584
12	45	0.0530302
12	46	0.0653822
12	47	0.0412315
12	48	0.0485878
12	49	0.0512733
12	50	0.0327806
12	51	0.0250976
12	52	0.0381529
12	53	0.0235397
12	54	0.0192874
12	55	0
12	56	0.0138385
12	57	0.13548
12	58	0.199756
12	59	0.0258802
12	60	0.0286028
12	61	0.166187
12	62	0.302095
12	63	0.319737
12	64	0.48
12	65	0.0505304
12	66	0.11537
12	67	0.0496857
12	68	0.101291
12	69	0.0838252
12	70	0.0839916
12	71	0.0939848
12	72	0.125431
12	73	0.150177
12	74	0.223864
12	75	0.082253
12	76	0.155655
12	77	0.111263
12	78	0.125063
12	79	0.123481
12	80	0.215073
12	81	0.0839578
12	82	0.220242
12	83	0.00903188
12	84	0.0459129
12	85	0.00400777
12	86	0.0242626
12	87	0.00779367
12	88	0.0444597
12	89	0.00193646
12	90	0.00745487
13	1	0.246515
13	2	0.120376
13	3	0.300869
13	4	0.115361
13	5	0.0761032
13	6	0.0732
13	7	0.513017
13	8	0.226155
13	9	0.149003
13	10	0.024201
13	11	0.710459
13	12	0.354605
13	13	0
13	14	0.493524
13	15	0.216644
13	16	0.0515997
13	17	0.27673
13	18	0.195044
13	19	0.258145
13	20	0.13103
13	21	0.0131237
13	22	0.0448476
13	23	0.406064
13	24	0.267228
13	25	0.115038
13	26	0.0780592
13	27	0.010756
13	28	0.00746345
13	29	0.265696
13	30	0.114366
13	31	0.348384
13	32	0.310487
13	33	0.13202
13	34	0.0919723
13	35	0.135816
13	36	0.0886253
13	37	0.0313458
13	38	0.00699636
13	39	0.0259034
13	40	0.0103919
13	41	0.0640843
13	42	0.0139181
13	43	0.105718
13	44	0.112539
13	45	0.0881126
13	46	0.0829109
13	47	0.111793
13	48	0.110144
13	49	0.115604
13	50	0.104284
13	51	0.124231
13	52	0.065023
13	53	0.10453
13	54	0.0672431
13	55	0.0725261
13	56	0.0132986
13	57	0.187614
13	58	0.0769685
13	59	0.0825445
13	60	0.0376004
13	61	0.19349
13	62	0.0955272
13	63	0.318592
13	64	0.203252
13	65	0.225986
13	66	0.0770716
13	67	0.118389
13	68	0.068799
13	69	0.109295
13	70	0.130169
13	71	0.120254
13	72	0.0666345
13	73	0.142515
13	74	0.131177
13	75	0.0531526
13	76	0.0666545
13	77	0.0289666
13	78	0.0150617
13	79	0.111311
13	80	0.0972987
13	81	0.189253
13	82	0.124354
13	83	0.0652244
13	84	0.0184306
13	85	0.235261
13	86	0.0293465
13	87	0.0541233
13	88	0.0250668
13	89	0.101149
13	90	0.014165
14	1	0.0972069
14	2	0.212009
14	3	0.152431
14	4	0.172947
14	5	0.0441995
14	6	0.099828
14	7	0.209248
14	8	0.415691
14	9	0.125644
14	10	0.101576
14	11	0.428696
14	12	0.73883
14	13	0.493524
14	14	0
14	15	0.0605135
14	16	0.185739
14	17	0.257741
14	18	0.400263
14	19	0.153812
14	20	0.182375
14	21	0.0203126
14	22	0.0519929
14	23	0.170519
14	24	0.255225
14	25	0.0593385
14	26	0.0719308
14	27	0.0187457
14	28	0.0256244
14	29	0.255359
14	30	0.237387
14	31	0.233183
14	32	0.308633
14	33	0.11722
14	34	0.180647
14	35	0.157552
14	36	0.168518
14	37	0.0911073
14	38	0.0718063
14	39	0.0518194
14	40	0.0489387
14	41	0.105744
14	42	0.0646133
14	43	0.0467693
14	44	0.0724384
14	45	0.0475597
14	46	0.0756382
14	47	0.0796501
14	48	0.0877363
14	49	0.0371169
14	50	0.0349327
14	51	0.0328606
14	52	0.0346195
14	53	0.0354179
14	54	0.0152687
14	55	0.00919039
14	56	0.0515314
14	57	0.0855162
14	58	0.146389
14	59	0.0333613
14	60	0.0504587
14	61	0.126311
14	62	0.237629
14	63	0.281833
14	64	0.390983
14	65	0.0630252
14	66	0.104464
14	67	0.0551877
14	68	0.0765156
14	69	0.0783222
14	70	0.105465
14	71	0.0800654
14	72	0.127315
14	73	0.125926
14	74	0.149185
14	75	0.0515241
14	76	0.119876
14	77	0.097246
14	78	0.117286
14	79	0.0917512
14	80	0.200892
14	81	0.133627
14	82	0.280072
14	83	0.0267638
14	84	0.0788769
14	85	0.052266
14	86	0.0789692
14	87	0.028682
14	88	0.0533387
14	89	0.0145111
14	90	0.0379687
15	1	0.0263135
15	2	0.0144856
15	3	0.0630564
15	4	0.0100914
15	5	0.569263
15	6	0.362154
15	7	0.0643933
15	8	0.0347552
15	9	0.658216
15	10	0.49105
15	11	0.103721
15	12	0.0256724
15	13	0.216644
15	14	0.0605135
15	15	0
15	16	0.655404
15	17	0.112068
15	18	0.0920033
15	19	0.124623
15	20	0.0601013
15	21	0.407398
15	22	0.439757
15	23	0.133132
15	24	0.0759752
15	25	0.431061
15	26	0.420872
15	27	0.455782
15	28	0.443578
15	29	0.187925
15	30	0.193692
15	31	0.150991
15	32	0.109852
15	33	0.0186597
15	34	0
15	35	0.0736604
15	36	0.0628323
15	37	0.0679969
15	38	0.079395
15	39	0.234684
15	40	0.219986
15	41	0.0559338
15	42	0.0902813
15	43	0.123092
15	44	0.113885
15	45	0.158401
15	46	0.140462
15	47	0.0802091
15	48	0.0879955
15	49	0.11361
15	50	0.107745
15	51	0.133761
15	52	0.134138
15	53	0.13818
15	54	0.185126
15	55	0.220178
15	56	0.21752
15	57	0.0214642
15	58	0.00741637
15	59	0.0419987
15	60	0.0833086
15	61	0.0187522
15	62	0.0309084
15	63	0.064073
15	64	0
15	65	0.217555
15	66	0.0778625
15	67	0.0665279
15	68	0.062583
15	69	0.0334744
15	70	0.0515445
15	71	0.150745
15	72	0.119764
15	73	0.269722
15	74	0.162917
15	75	0.248426
15	76	0.151242
15	77	0.110154
15	78	0.0857288
15	79	0.174954
15	80	0.215086
15	81	0.330469
15	82	0.21758
15	83	0.423824
15	84	0.337316
15	85	0.446729
15	86	0.277063
15	87	0.362637
15	88	0.249316
15	89	0.305033
15	90	0.219281
16	1	0.00910722
16	2	0.0289506
16	3	0.0278444
16	4	0.0427349
16	5	0.57023
16	6	0.57399
16	7	0.0135183
16	8	0.0964776
16	9	0.574471
16	10	0.702768
16	11	0.0188349
16	12	0.0811565
16	13	0.0515997
16	14	0.185739
16	15	0.655404
16	16	0
16	17	0.0687855
16	18	0.082495
16	19	0.015094
16	20	0.0219832
16	21	0.460567
16	22	0.573075
16	23	0.0234889
16	24	0.0643628
16	25	0.389017
16	26	0.486664
16	27	0.531869
16	28	0.616923
16	29	0.112878
16	30	0.213956
16	31	0.0935909
16	32	0.126577
16	33	0.00301278
16	34	0.0139155
16	35	0.0969347
16	36	0.11195
16	37	0.0509876
16	38	0.0975417
16	39	0.210314
16	40	0.255914
16	41	0.0827402
16	42	0.128768
16	43	0.104069
16	44	0.119024
16	45	0.129416
16	46	0.137523
16	47	0.071737
16	48	0.0986364
16	49	0.123379
16	50	0.0999721
16	51	0.132202
16	52	0.138474
16	53	0.0940356
16	54	0.171223
16	55	0.181368
16	56	0.22926
16	57	0.00980653
16	58	0.0186506
16	59	0.0657963
16	60	0.105452
16	61	0.0219458
16	62	0.0586759
16	63	0.020924
16	64	0.038482
16	65	0.108724
16	66	0.080134
16	67	0.0685444
16	68	0.0534311
16	69	0.0188302
16	70	0.00968944
16	71	0.178477
16	72	0.203851
16	73	0.222117
16	74	0.157959
16	75	0.224849
16	76	0.162381
16	77	0.140635
16	78	0.14108
16	79	0.173577
16	80	0.234207
16	81	0.269103
16	82	0.280046
16	83	0.337977
16	84	0.502336
16	85	0.272827
16	86	0.392604
16	87	0.274657
16	88	0.366088
16	89	0.237904
16	90	0.295102
17	1	0.191517
17	2	0.250651
17	3	0.0202446
17	4	0.00982473
17	5	0.0858991
17	6	0.0214662
17	7	0.0617155
17	8	0.0700607
17	9	0.162137
17	10	0.0845311
17	11	0.372551
17	12	0.333306
17	13	0.27673
17	14	0.257741
17	15	0.112068
17	16	0.0687855
17	17	0
17	18	0.738291
17	19	0.167053
17	20	0.234829
17	21	0.0791338
17	22	0.00122004
17	23	0.0702081
17	24	0.0488893
17	25	0.128331
17	26	0.126404
17	27	0.0221485
17	28	0.00892859
17	29	0.658078
17	30	0.42865
17	31	0.217243
17	32	0.136265
17	33	0.178891
17	34	0.189928
17	35	0.10032
17	36	0.137093
17	37	0.063118
17	38	0.0214768
17	39	0.023476
17	40	0
17	41	0.0819833
17	42	0.0228098
17	43	0.165695
17	44	0.2118
17	45	0.253707
17	46	0.24743
17	47	0.132114
17	48	0.160904
17	49	0.245574
17	50	0.153082
17	51	0.186495
17	52	0.198096
17	53	0.166832
17	54	0.129718
17	55	0.105662
17	56	0.117993
17	57	0.341475
17	58	0.236229
17	59	0.0620774
17	60	0.0569382
17	61	0.0810514
17	62	0.0525581
17	63	0.542615
17	64	0.406375
17	65	0.124646
17	66	0.100264
17	67	0.0647853
17	68	0.109191
17	69	0.190144
17	70	0.180367
17	71	0.0258835
17	72	0.0157554
17	73	0.232592
17	74	0.180765
17	75	0.0605016
17	76	0.0846476
17	77	0.0338437
17	78	0.0364049
17	79	0.575754
17	80	0.398661
17	81	0.452041
17	82	0.46333
17	83	0.0606396
17	84	0.0418783
17	85	0.180777
17	86	0.138159
17	87	0.0671754
17	88	0.0894973
17	89	0.0694709
17	90	0.129872
18	1	0.148704
18	2	0.266393
18	3	0.0162528
18	4	0.00869736
18	5	0.0735425
18	6	0.0666841
18	7	0.0127109
18	8	0.111097
18	9	0.136702
18	10	0.0807193
18	11	0.313847
18	12	0.486269
18	13	0.195044
18	14	0.400263
18	15	0.0920033
18	16	0.082495
18	17	0.738291
18	18	0
18	19	0.140676
18	20	0.237233
18	21	0.0693351
18	22	0.0126007
18	23	0.0292117
18	24	0.0510838
18	25	0.0893848
18	26	0.0804283
18	27	0.0690237
18	28	0.0464645
18	29	0.552109
18	30	0.549912
18	31	0.145809
18	32	0.120909
18	33	0.191965
18	34	0.228318
18	35	0.167324
18	36	0.187519
18	37	0.0819815
18	38	0.0652242
18	39	0.0462046
18	40	0.0487089
18	41	0.0957075
18	42	0.0726174
18	43	0.0918982
18	44	0.172791
18	45	0.133626
18	46	0.177902
18	47	0.095416
18	48	0.128723
18	49	0.122268
18	50	0.104747
18	51	0.0812565
18	52	0.119666
18	53	0.121302
18	54	0.108646
18	55	0.0726981
18	56	0.132704
18	57	0.277316
18	58	0.265342
18	59	0.0309243
18	60	0.0256451
18	61	0.050702
18	62	0.0744368
18	63	0.489941
18	64	0.510131
18	65	0.107851
18	66	0.117186
18	67	0.0586138
18	68	0.103924
18	69	0.156394
18	70	0.182133
18	71	0.0616459
18	72	0.060516
18	73	0.244985
18	74	0.278949
18	75	0.114374
18	76	0.170215
18	77	0.108767
18	78	0.120666
18	79	0.446784
18	80	0.523148
18	81	0.345502
18	82	0.508294
18	83	0.0358799
18	84	0.0439237
18	85	0.0878201
18	86	0.110346
18	87	0.0876476
18	88	0.0954501
18	89	0.0827683
18	90	0.12877
19	1	0.535962
19	2	0.476197
19	3	0.485357
19	4	0.350404
19	5	0.0292409
19	6	0.0147462
19	7	0.38828
19	8	0.225196
19	9	0.0321632
19	10	0.0231739
19	11	0.236065
19	12	0.144088
19	13	0.258145
19	14	0.153812
19	15	0.124623
19	16	0.015094
19	17	0.167053
19	18	0.140676
19	19	0
19	20	0.771112
19	21	0.0372207
19	22	0
19	23	0.329673
19	24	0.26574
19	25	0.0476496
19	26	0.0219399
19	27	0.033165
19	28	0.0114922
19	29	0.106102
19	30	0.0682804
19	31	0.162137
19	32	0.0986016
19	33	0.408901
19	34	0.320968
19	35	0.113843
19	36	0.0897739
19	37	0.0373896
19	38	0.0189663
19	39	0.0162388
19	40	0.0287605
19	41	0.080508
19	42	0.0328413
19	43	0.164248
19	44	0.163275
19	45	0.189295
19	46	0.173447
19	47	0.213158
19	48	0.225198
19	49	0.177885
19	50	0.16839
19	51	0.17223
19	52	0.143025
19	53	0.19412
19	54	0.173362
19	55	0.139811
19	56	0.138779
19	57	0.393544
19	58	0.420099
19	59	0.198615
19	60	0.125591
19	61	0.21451
19	62	0.158395
19	63	0.208215
19	64	0.164324
19	65	0.139985
19	66	0.0825
19	67	0.237389
19	68	0.165481
19	69	0.581491
19	70	0.505454
19	71	0.019374
19	72	0.0337453
19	73	0.160983
19	74	0.112293
19	75	0.0963154
19	76	0.125847
19	77	0.0590758
19	78	0.0660023
19	79	0.0501802
19	80	0.111987
19	81	0.157326
19	82	0.182659
19	83	0.0840485
19	84	0.019901
19	85	0.179525
19	86	0.0739762
19	87	0.0760146
19	88	0.00930139
19	89	0.101043
19	90	0.126944
20	1	0.553342
20	2	0.629095
20	3	0.373683
20	4	0.380057
20	5	0.0339071
20	6	0.0122784
20	7	0.288166
20	8	0.28106
20	9	0.0414625
20	10	0.00553786
20	11	0.151905
20	12	0.191676
20	13	0.13103
20	14	0.182375
20	15	0.0601013
20	16	0.0219832
20	17	0.234829
20	18	0.237233
20	19	0.771112
20	20	0
20	21	0.0453937
20	22	0.0299375
20	23	0.173729
20	24	0.239615
20	25	0.0440538
20	26	0.0259521
20	27	0.0589897
20	28	0.00690589
20	29	0.160492
20	30	0.142391
20	31	0.0971498
20	32	0.0843189
20	33	0.369646
20	34	0.371223
20	35	0.0712382
20	36	0.0778365
20	37	0.0271756
20	38	0.0154242
20	39	0.00568664
20	40	0.0233811
20	41	0.118022
20	42	0.0599152
20	43	0.131447
20	44	0.162516
20	45	0.166666
20	46	0.18422
20	47	0.227255
20	48	0.228111
20	49	0.183157
20	50	0.172178
20	51	0.173035
20	52	0.148565
20	53	0.205757
20	54	0.199769
20	55	0.132076
20	56	0.141988
20	57	0.504514
20	58	0.565142
20	59	0.279396
20	60	0.24726
20	61	0.263245
20	62	0.253843
20	63	0.281073
20	64	0.300699
20	65	0.0633437
20	66	0.0982356
20	67	0.192672
20	68	0.178362
20	69	0.645478
20	70	0.583281
20	71	0.0174021
20	72	0.020796
20	73	0.136301
20	74	0.136976
20	75	0.071258
20	76	0.111132
20	77	0.0346802
20	78	0.0558866
20	79	0.0951252
20	80	0.141842
20	81	0.223931
20	82	0.254482
20	83	0.10068
20	84	0.0799693
20	85	0.0927877
20	86	0.0928127
20	87	0.0651027
20	88	0.0102656
20	89	0.0722809
20	90	0.12541
21	1	0.0147355
21	2	0.020239
21	3	0.0416965
21	4	0.0237335
21	5	0.38162
21	6	0.308281
21	7	0.0134289
21	8	0.0114296
21	9	0.321817
21	10	0.288812
21	11	0.0350254
21	12	0.000716203
21	13	0.0131237
21	14	0.0203126
21	15	0.407398
21	16	0.460567
21	17	0.0791338
21	18	0.0693351
21	19	0.0372207
21	20	0.0453937
21	21	0
21	22	0.672101
21	23	0.0383958
21	24	0.0586928
21	25	0.33508
21	26	0.351417
21	27	0.435589
21	28	0.451509
21	29	0.124377
21	30	0.148762
21	31	0.196068
21	32	0.150731
21	33	0.0650217
21	34	0.0559754
21	35	0.063051
21	36	0.0483815
21	37	0.247254
21	38	0.223461
21	39	0.232297
21	40	0.22052
21	41	0.313529
21	42	0.25489
21	43	0.115872
21	44	0.1376
21	45	0.0462497
21	46	0.0585614
21	47	0.0933389
21	48	0.148411
21	49	0.0699601
21	50	0.0570916
21	51	0.0918649
21	52	0.0830991
21	53	0.0577571
21	54	0.149515
21	55	0.121613
21	56	0.119704
21	57	0.0235636
21	58	0.0181445
21	59	0.0503714
21	60	0.072009
21	61	0.0387154
21	62	0.0318617
21	63	0.0464428
21	64	0.0184735
21	65	0.0781503
21	66	0.031398
21	67	0.0344533
21	68	0.0252113
21	69	0.0709343
21	70	0.0656789
21	71	0.154547
21	72	0.159876
21	73	0.239216
21	74	0.113264
21	75	0.193748
21	76	0.130931
21	77	0.130799
21	78	0.116216
21	79	0.116807
21	80	0.0982724
21	81	0.248338
21	82	0.168064
21	83	0.401816
21	84	0.382577
21	85	0.222978
21	86	0.215228
21	87	0.158272
21	88	0.141267
21	89	0.150845
21	90	0.124751
22	1	0
22	2	0.0172524
22	3	0.0300644
22	4	0.046368
22	5	0.458699
22	6	0.433157
22	7	0.0132947
22	8	0.0319693
22	9	0.340319
22	10	0.397879
22	11	0.0501778
22	12	0.0160569
22	13	0.0448476
22	14	0.0519929
22	15	0.439757
22	16	0.573075
22	17	0.00122004
22	18	0.0126007
22	19	0
22	20	0.0299375
22	21	0.672101
22	22	0
22	23	0.0182222
22	24	0.0350146
22	25	0.314032
22	26	0.375027
22	27	0.488534
22	28	0.644006
22	29	0.0474496
22	30	0.141222
22	31	0.146043
22	32	0.149495
22	33	0.00331219
22	34	0.00270792
22	35	0.0406461
22	36	0.0426926
22	37	0.187959
22	38	0.163704
22	39	0.29167
22	40	0.332552
22	41	0.172901
22	42	0.256172
22	43	0.115346
22	44	0.166233
22	45	0.052298
22	46	0.0694197
22	47	0.13592
22	48	0.164776
22	49	0.0648239
22	50	0.0549562
22	51	0.0896606
22	52	0.0766867
22	53	0.0789859
22	54	0.157044
22	55	0.173933
22	56	0.180645
22	57	0.0106164
22	58	0.0137046
22	59	0.0730675
22	60	0.113487
22	61	0.00419949
22	62	0.0253441
22	63	0.0205383
22	64	0.0096937
22	65	0.0548407
22	66	0.0316271
22	67	0.0371994
22	68	0.0186041
22	69	0.0476661
22	70	0.0360082
22	71	0.219258
22	72	0.207584
22	73	0.137387
22	74	0.105112
22	75	0.147769
22	76	0.0874146
22	77	0.119654
22	78	0.0968134
22	79	0.087265
22	80	0.0736012
22	81	0.217451
22	82	0.158807
22	83	0.373802
22	84	0.429147
22	85	0.226461
22	86	0.247941
22	87	0.188336
22	88	0.233101
22	89	0.191387
22	90	0.163403
23	1	0.221029
23	2	0.150156
23	3	0.675725
23	4	0.482897
23	5	0.0503717
23	6	0.0406088
23	7	0.615139
23	8	0.33198
23	9	0.0575975
23	10	0.0394598
23	11	0.20765
23	12	0.126883
23	13	0.406064
23	14	0.170519
23	15	0.133132
23	16	0.0234889
23	17	0.0702081
23	18	0.0292117
23	19	0.329673
23	20	0.173729
23	21	0.0383958
23	22	0.0182222
23	23	0
23	24	0.783268
23	25	0.241223
23	26	0.136924
23	27	0.0290009
23	28	0.0125679
23	29	0.0772063
23	30	0.0345428
23	31	0.472383
23	32	0.441554
23	33	0.236399
23	34	0.234134
23	35	0.266495
23	36	0.170069
23	37	0.0473208
23	38	0.0147726
23	39	0.0211612
23	40	0.0173421
23	41	0.0650949
23	42	0.0112558
23	43	0.119416
23	44	0.0926741
23	45	0.148373
23	46	0.100518
23	47	0.0803116
23	48	0.0815065
23	49	0.115567
23	50	0.103083
23	51	0.135292
23	52	0.0701106
23	53	0.123886
23	54	0.103632
23	55	0.0813538
23	56	0.0129889
23	57	0.163098
23	58	0.134632
23	59	0.107603
23	60	0.0504078
23	61	0.116034
23	62	0.109639
23	63	0.11485
23	64	0.0665378
23	65	0.331369
23	66	0.190104
23	67	0.257879
23	68	0.108006
23	69	0.124737
23	70	0.13749
23	71	0.101124
23	72	0.073862
23	73	0.123888
23	74	0.109506
23	75	0.0749011
23	76	0.0554001
23	77	0.0331713
23	78	0.0172768
23	79	0.0186396
23	80	0.0208542
23	81	0.0658553
23	82	0.0428476
23	83	0.0381637
23	84	0.00438497
23	85	0.215334
23	86	0.0308315
23	87	0.077429
23	88	0.04004
23	89	0.0989605
23	90	0.0393536
24	1	0.177701
24	2	0.168504
24	3	0.664497
24	4	0.629617
24	5	0.0623391
24	6	0.0367739
24	7	0.490916
24	8	0.46097
24	9	0.0802584
24	10	0.0722185
24	11	0.152942
24	12	0.183539
24	13	0.267228
24	14	0.255225
24	15	0.0759752
24	16	0.0643628
24	17	0.0488893
24	18	0.0510838
24	19	0.26574
24	20	0.239615
24	21	0.0586928
24	22	0.0350146
24	23	0.783268
24	24	0
24	25	0.207739
24	26	0.220221
24	27	0.0459171
24	28	0.0162725
24	29	0.064541
24	30	0.0331398
24	31	0.370299
24	32	0.519473
24	33	0.202621
24	34	0.276452
24	35	0.231525
24	36	0.168813
24	37	0.0540702
24	38	0.0255523
24	39	0.0306532
24	40	0.0217971
24	41	0.064491
24	42	0.0139272
24	43	0.0880394
24	44	0.0504302
24	45	0.121087
24	46	0.0783504
24	47	0.0633288
24	48	0.0453753
24	49	0.0981273
24	50	0.0914192
24	51	0.112154
24	52	0.0706326
24	53	0.0905943
24	54	0.0965753
24	55	0.060098
24	56	0.019615
24	57	0.12415
24	58	0.142103
24	59	0.0824372
24	60	0.0712824
24	61	0.124888
24	62	0.161972
24	63	0.0923916
24	64	0.0882287
24	65	0.307552
24	66	0.267609
24	67	0.242263
24	68	0.151008
24	69	0.129157
24	70	0.139126
24	71	0.0966492
24	72	0.129361
24	73	0.115396
24	74	0.0673025
24	75	0.0492537
24	76	0.0468036
24	77	0.0502613
24	78	0.0473674
24	79	0.00979711
24	80	0.0309805
24	81	0.0347874
24	82	0.0555006
24	83	0.0374618
24	84	0.0441434
24	85	0.114907
24	86	0.0595674
24	87	0.0814523
24	88	0.0348627
24	89	0.0635942
24	90	0.0388469
25	1	0.0435816
25	2	0.0573344
25	3	0.188673
25	4	0.0885321
25	5	0.655351
25	6	0.515551
25	7	0.0913912
25	8	0.0150538
25	9	0.465891
25	10	0.41081
25	11	0.0672338
25	12	0.00942893
25	13	0.115038
25	14	0.0593385
25	15	0.431061
25	16	0.389017
25	17	0.128331
25	18	0.0893848
25	19	0.0476496
25	20	0.0440538
25	21	0.33508
25	22	0.314032
25	23	0.241223
25	24	0.207739
25	25	0
25	26	0.830946
25	27	0.537313
25	28	0.422084
25	29	0.131912
25	30	0.110663
25	31	0.366926
25	32	0.280497
25	33	0.0560613
25	34	0.0376224
25	35	0.157514
25	36	0.12435
25	37	0.0606487
25	38	0.0472573
25	39	0.182645
25	40	0.135893
25	41	0.0445016
25	42	0.0278883
25	43	0.112955
25	44	0.085252
25	45	0.127212
25	46	0.151585
25	47	0.0702023
25	48	0.0590048
25	49	0.138918
25	50	0.164656
25	51	0.175496
25	52	0.183984
25	53	0.0774738
25	54	0.145874
25	55	0.119007
25	56	0.115914
25	57	0.0803603
25	58	0.0737018
25	59	0.0592796
25	60	0.0490156
25	61	0.0246763
25	62	0.0177656
25	63	0.0516187
25	64	0.0213444
25	65	0.260389
25	66	0.130203
25	67	0.104114
25	68	0.0651786
25	69	0.055125
25	70	0.0893245
25	71	0.228938
25	72	0.200481
25	73	0.196811
25	74	0.117386
25	75	0.100795
25	76	0.0509598
25	77	0.0937725
25	78	0.0787879
25	79	0.163655
25	80	0.175008
25	81	0.195839
25	82	0.151981
25	83	0.139532
25	84	0.159823
25	85	0.259356
25	86	0.195073
25	87	0.188439
25	88	0.183028
25	89	0.166366
25	90	0.135613
26	1	0.0249584
26	2	0.0449268
26	3	0.138656
26	4	0.111199
26	5	0.677477
26	6	0.623266
26	7	0.0591101
26	8	0.0566954
26	9	0.52749
26	10	0.545712
26	11	0.0576202
26	12	0.0155698
26	13	0.0780592
26	14	0.0719308
26	15	0.420872
26	16	0.486664
26	17	0.126404
26	18	0.0804283
26	19	0.0219399
26	20	0.0259521
26	21	0.351417
26	22	0.375027
26	23	0.136924
26	24	0.220221
26	25	0.830946
26	26	0
26	27	0.526875
26	28	0.500015
26	29	0.130516
26	30	0.127647
26	31	0.364563
26	32	0.348657
26	33	0.020251
26	34	0.0354217
26	35	0.110745
26	36	0.123206
26	37	0.036582
26	38	0.0226008
26	39	0.171248
26	40	0.127941
26	41	0.0250058
26	42	0.00960042
26	43	0.102534
26	44	0.0952149
26	45	0.142656
26	46	0.168551
26	47	0.0713053
26	48	0.0681205
26	49	0.162985
26	50	0.158653
26	51	0.190841
26	52	0.200315
26	53	0.0820223
26	54	0.176463
26	55	0.115727
26	56	0.131462
26	57	0.0518163
26	58	0.0461172
26	59	0.0884074
26	60	0.0888137
26	61	0.0179593
26	62	0.0329631
26	63	0.0443109
26	64	0.0271197
26	65	0.197129
26	66	0.162447
26	67	0.10705
26	68	0.119487
26	69	0.0382062
26	70	0.0799396
26	71	0.211533
26	72	0.205524
26	73	0.166211
26	74	0.0797871
26	75	0.0900675
26	76	0.0363341
26	77	0.0799481
26	78	0.085957
26	79	0.157761
26	80	0.203604
26	81	0.207125
26	82	0.178924
26	83	0.117114
26	84	0.199536
26	85	0.20326
26	86	0.251501
26	87	0.150425
26	88	0.206471
26	89	0.147419
26	90	0.171072
27	1	0.0149287
27	2	0.0712968
27	3	0.03227
27	4	0.0195745
27	5	0.676838
27	6	0.56277
27	7	0.00762143
27	8	0.0152587
27	9	0.417863
27	10	0.473922
27	11	0.0193434
27	12	0.0103623
27	13	0.010756
27	14	0.0187457
27	15	0.455782
27	16	0.531869
27	17	0.0221485
27	18	0.0690237
27	19	0.033165
27	20	0.0589897
27	21	0.435589
27	22	0.488534
27	23	0.0290009
27	24	0.0459171
27	25	0.537313
27	26	0.526875
27	27	0
27	28	0.762304
27	29	0.0361925
27	30	0.0714425
27	31	0.13331
27	32	0.102743
27	33	0.0408918
27	34	0.0378543
27	35	0.0521562
27	36	0.0538091
27	37	0.0513723
27	38	0.0462656
27	39	0.277997
27	40	0.282829
27	41	0.0595965
27	42	0.0661058
27	43	0.115945
27	44	0.15212
27	45	0.0746254
27	46	0.102556
27	47	0.0949738
27	48	0.093101
27	49	0.113891
27	50	0.130671
27	51	0.134102
27	52	0.148075
27	53	0.135253
27	54	0.227493
27	55	0.217044
27	56	0.231935
27	57	0.0676133
27	58	0.0840582
27	59	0.0869675
27	60	0.115743
27	61	0.0289618
27	62	0.0190575
27	63	0.00903113
27	64	0.0110173
27	65	0.0611068
27	66	0.0451423
27	67	0.0482386
27	68	0.0313094
27	69	0.0516535
27	70	0.0677043
27	71	0.184655
27	72	0.180921
27	73	0.088611
27	74	0.0627573
27	75	0.113839
27	76	0.0573932
27	77	0.0865028
27	78	0.0548827
27	79	0.0906225
27	80	0.176128
27	81	0.227239
27	82	0.132564
27	83	0.305885
27	84	0.353904
27	85	0.265465
27	86	0.321927
27	87	0.350023
27	88	0.324052
27	89	0.325846
27	90	0.314724
28	1	0.00352287
28	2	0.0268193
28	3	0.00534011
28	4	0.0121692
28	5	0.587216
28	6	0.648027
28	7	0
28	8	0.0344729
28	9	0.404953
28	10	0.562853
28	11	0.00716806
28	12	0.0184022
28	13	0.00746345
28	14	0.0256244
28	15	0.443578
28	16	0.616923
28	17	0.00892859
28	18	0.0464645
28	19	0.0114922
28	20	0.00690589
28	21	0.451509
28	22	0.644006
28	23	0.0125679
28	24	0.0162725
28	25	0.422084
28	26	0.500015
28	27	0.762304
28	28	0
28	29	0.0238977
28	30	0.0840991
28	31	0.0780307
28	32	0.0688357
28	33	0.0144477
28	34	0.012982
28	35	0.0475241
28	36	0.041568
28	37	0.0650133
28	38	0.0962847
28	39	0.351571
28	40	0.336799
28	41	0.0722237
28	42	0.0990328
28	43	0.0699683
28	44	0.114975
28	45	0.03985
28	46	0.0539544
28	47	0.0682954
28	48	0.0718959
28	49	0.0743247
28	50	0.0633341
28	51	0.0862749
28	52	0.0833076
28	53	0.137037
28	54	0.182815
28	55	0.236643
28	56	0.27
28	57	0.01
28	58	0.0252007
28	59	0.0770964
28	60	0.105514
28	61	0.0113267
28	62	0.0337961
28	63	0.0122083
28	64	0.0211257
28	65	0.057726
28	66	0.0188586
28	67	0.0216594
28	68	0.0
28	69	0.0117965
28	70	0.018248
28	71	0.214042
28	72	0.192313
28	73	0.0878724
28	74	0.0830045
28	75	0.139318
28	76	0.0704536
28	77	0.0851069
28	78	0.0585186
28	79	0.0716234
28	80	0.13202
28	81	0.178455
28	82	0.0959841
28	83	0.319657
28	84	0.380845
28	85	0.252264
28	86	0.306063
28	87	0.339015
28	88	0.343993
28	89	0.368492
28	90	0.356326
29	1	0.0772785
29	2	0.118123
29	3	0.0437086
29	4	0.0374974
29	5	0.092756
29	6	0.0151149
29	7	0.0739684
29	8	0.117223
29	9	0.158897
29	10	0.0781915
29	11	0.323884
29	12	0.323248
29	13	0.265696
29	14	0.255359
29	15	0.187925
29	16	0.112878
29	17	0.658078
29	18	0.552109
29	19	0.106102
29	20	0.160492
29	21	0.124377
29	22	0.0474496
29	23	0.0772063
29	24	0.064541
29	25	0.131912
29	26	0.130516
29	27	0.0361925
29	28	0.0238977
29	29	0
29	30	0.656557
29	31	0.26324
29	32	0.218803
29	33	0.144387
29	34	0.188063
29	35	0.0968212
29	36	0.11612
29	37	0.154026
29	38	0.125899
29	39	0.0380046
29	40	0.0507046
29	41	0.186456
29	42	0.0995414
29	43	0.101841
29	44	0.14126
29	45	0.110331
29	46	0.126329
29	47	0.0723672
29	48	0.101907
29	49	0.102608
29	50	0.0686451
29	51	0.0833958
29	52	0.0979132
29	53	0.0535594
29	54	0.0365319
29	55	0.0462712
29	56	0.0616271
29	57	0.180316
29	58	0.100395
29	59	0.000999513
29	60	0.00185461
29	61	0.0319826
29	62	0.0395662
29	63	0.42041
29	64	0.321471
29	65	0.0644512
29	66	0.064385
29	67	0.0200349
29	68	0.0685846
29	69	0.0818728
29	70	0.0935025
29	71	0.0453582
29	72	0.0260701
29	73	0.442948
29	74	0.347047
29	75	0.170135
29	76	0.201185
29	77	0.14855
29	78	0.158634
29	79	0.458975
29	80	0.330713
29	81	0.444449
29	82	0.459614
29	83	0.157297
29	84	0.0899136
29	85	0.154491
29	86	0.140334
29	87	0.100447
29	88	0.0724933
29	89	0.0525419
29	90	0.0684501
30	1	0.0472245
30	2	0.0706261
30	3	0.0200165
30	4	0.0205269
30	5	0.0875382
30	6	0.0543965
30	7	0.0144959
30	8	0.0951503
30	9	0.111609
30	10	0.10969
30	11	0.134694
30	12	0.283775
30	13	0.114366
30	14	0.237387
30	15	0.193692
30	16	0.213956
30	17	0.42865
30	18	0.549912
30	19	0.0682804
30	20	0.142391
30	21	0.148762
30	22	0.141222
30	23	0.0345428
30	24	0.0331398
30	25	0.110663
30	26	0.127647
30	27	0.0714425
30	28	0.0840991
30	29	0.656557
30	30	0
30	31	0.162076
30	32	0.121305
30	33	0.148363
30	34	0.170096
30	35	0.129344
30	36	0.13256
30	37	0.180943
30	38	0.256396
30	39	0.085521
30	40	0.155617
30	41	0.211857
30	42	0.241845
30	43	0.0721831
30	44	0.0789461
30	45	0.0868325
30	46	0.112353
30	47	0.0842304
30	48	0.0992461
30	49	0.016209
30	50	0.0369308
30	51	0.0109461
30	52	0.0518454
30	53	0.0213439
30	54	0.036538
30	55	0.0302652
30	56	0.0606032
30	57	0.0932837
30	58	0.082894
30	59	0.000125242
30	60	0.00625868
30	61	0.00110677
30	62	0.0299964
30	63	0.240344
30	64	0.23232
30	65	0.0381712
30	66	0.0581789
30	67	0.0219038
30	68	0.0554401
30	69	0.0511891
30	70	0.121954
30	71	0.0733203
30	72	0.0753441
30	73	0.346113
30	74	0.523899
30	75	0.248618
30	76	0.361562
