row_idx	col_idx	log2ratio
1	1	0
1	2	0.624935
1	3	0.383242
1	4	0.303451
1	5	0.037089
1	6	0.0304113
1	7	0.401843
1	8	0.248534
1	9	0.0545506
1	10	0.0318884
1	11	0.383224
1	12	0.247685
1	13	0.271664
1	14	0.186758
1	15	0.0823036
1	16	0.0557228
1	17	0.232449
1	18	0.180783
1	19	0.602954
1	20	0.572985
1	21	0.0490699
1	22	0.0549317
1	23	0.193964
1	24	0.181716
1	25	0.0434152
1	26	0.0327625
1	27	0.0390395
1	28	0.03668
1	29	0.153628
1	30	0.0934012
1	31	0.0927303
1	32	0.0897052
1	33	0.353057
1	34	0.280031
1	35	0.0443216
1	36	0.0345852
1	37	0.0567498
1	38	0.0212848
1	39	0.0444328
1	40	0.0242615
1	41	0.106368
1	42	0.0913548
1	43	0.117289
1	44	0.10404
1	45	0.143663
1	46	0.137002
1	47	0.153202
1	48	0.114397
1	49	0.252227
1	50	0.172155
1	51	0.216889
1	52	0.13266
1	53	0.141172
1	54	0.0830259
1	55	0.122205
1	56	0.0857917
1	57	0.751216
1	58	0.510904
1	59	0.443503
1	60	0.273076
1	61	0.458808
1	62	0.215902
1	63	0.31927
1	64	0.202674
1	65	0.132001
1	66	0.0666693
1	67	0.198094
1	68	0.105082
1	69	0.518567
1	70	0.393007
1	71	0.0578095
1	72	0.0514992
1	73	0.170833
1	74	0.130994
1	75	0.0986355
1	76	0.094782
1	77	0.0871631
1	78	0.0564039
1	79	0.0876022
1	80	0.0687319
1	81	0.155633
1	82	0.116058
1	83	0.0973493
1	84	0.0848684
1	85	0.137822
1	86	0.0581381
1	87	0.0654234
1	88	0.0581727
1	89	0.0819978
1	90	0.04156
2	1	0.624935
2	2	0
2	3	0.202556
2	4	0.311533
2	5	0.00956684
2	6	0.0164565
2	7	0.161757
2	8	0.296515
2	9	0.00983523
2	10	0.0115083
2	11	0.201096
2	12	0.3261
2	13	0.134012
2	14	0.194048
2	15	0.0237288
2	16	0.0330315
2	17	0.210095
2	18	0.289886
2	19	0.500108
2	20	0.622573
2	21	0.0291324
2	22	0.038068
2	23	0.112967
2	24	0.13534
2	25	0.02854
2	26	0.0158323
2	27	0.0371087
2	28	0.0262303
2	29	0.114837
2	30	0.117922
2	31	0.0566204
2	32	0.0638425
2	33	0.344447
2	34	0.350203
2	35	0.0341177
2	36	0.0414678
2	37	0.0270302
2	38	0.0262398
2	39	0.0197069
2	40	0.0330473
2	41	0.0914316
2	42	0.0849993
2	43	0.0946919
2	44	0.129872
2	45	0.123383
2	46	0.162781
2	47	0.138833
2	48	0.149728
2	49	0.191419
2	50	0.215058
2	51	0.138372
2	52	0.171289
2	53	0.112469
2	54	0.111861
2	55	0.0931143
2	56	0.124403
2	57	0.615615
2	58	0.797337
2	59	0.279701
2	60	0.358758
2	61	0.23587
2	62	0.308786
2	63	0.220187
2	64	0.342296
2	65	0.0353726
2	66	0.0922007
2	67	0.16274
2	68	0.141326
2	69	0.528064
2	70	0.498858
2	71	0.037394
2	72	0.0469989
2	73	0.110044
2	74	0.11686
2	75	0.0730408
2	76	0.0884838
2	77	0.0621424
2	78	0.0658209
2	79	0.0764561
2	80	0.12912
2	81	0.12232
2	82	0.18628
2	83	0.0716603
2	84	0.0853601
2	85	0.0595536
2	86	0.0940128
2	87	0.0373184
2	88	0.0410524
2	89	0.0342221
2	90	0.0543544
3	1	0.383242
3	2	0.202556
3	3	0
3	4	0.685761
3	5	0.120945
3	6	0.071383
3	7	0.748765
3	8	0.440362
3	9	0.142305
3	10	0.0712677
3	11	0.205608
3	12	0.107122
3	13	0.305149
3	14	0.167032
3	15	0.131954
3	16	0.0698436
3	17	0.0662549
3	18	0.0244152
3	19	0.453482
3	20	0.306911
3	21	0.0775058
3	22	0.0727873
3	23	0.689389
3	24	0.64011
3	25	0.196683
3	26	0.167919
3	27	0.0723659
3	28	0.0662991
3	29	0.0786857
3	30	0.0432768
3	31	0.367138
3	32	0.344248
3	33	0.198093
3	34	0.175488
3	35	0.146067
3	36	0.0764975
3	37	0.0848165
3	38	0.039085
3	39	0.0579446
3	40	0.0291377
3	41	0.066168
3	42	0.0685785
3	43	0.0869715
3	44	0.0682132
3	45	0.118723
3	46	0.0864162
3	47	0.0601337
3	48	0.0364096
3	49	0.13509
3	50	0.104611
3	51	0.179038
3	52	0.0942273
3	53	0.0841828
3	54	0.0462185
3	55	0.0675537
3	56	0.0246836
3	57	0.250952
3	58	0.153244
3	59	0.223851
3	60	0.112986
3	61	0.210681
3	62	0.10588
3	63	0.112059
3	64	0.0490149
3	65	0.303896
3	66	0.154638
3	67	0.211338
3	68	0.107207
3	69	0.221359
3	70	0.147498
3	71	0.187823
3	72	0.18921
3	73	0.143656
3	74	0.098611
3	75	0.0862169
3	76	0.0801774
3	77	0.082943
3	78	0.0579516
3	79	0.0645848
3	80	0.0442178
3	81	0.100789
3	82	0.0499865
3	83	0.0723285
3	84	0.0459842
3	85	0.192389
3	86	0.0734151
3	87	0.106951
3	88	0.092593
3	89	0.109508
3	90	0.0388284
4	1	0.303451
4	2	0.311533
4	3	0.685761
4	4	0
4	5	0.0742584
4	6	0.0826033
4	7	0.55283
4	8	0.685978
4	9	0.0829199
4	10	0.0920003
4	11	0.123921
4	12	0.175356
4	13	0.176394
4	14	0.221048
4	15	0.0526422
4	16	0.0774184
4	17	0.0442715
4	18	0.0336028
4	19	0.425417
4	20	0.419378
4	21	0.0571554
4	22	0.0696609
4	23	0.524555
4	24	0.650944
4	25	0.0981546
4	26	0.118764
4	27	0.0438639
4	28	0.0501619
4	29	0.0537454
4	30	0.0408921
4	31	0.289125
4	32	0.333311
4	33	0.203757
4	34	0.256618
4	35	0.0853705
4	36	0.0889934
4	37	0.0581555
4	38	0.0423522
4	39	0.0369876
4	40	0.0276048
4	41	0.049504
4	42	0.0643665
4	43	0.0582585
4	44	0.0573911
4	45	0.0791993
4	46	0.0877794
4	47	0.0480656
4	48	0.0342116
4	49	0.0995964
4	50	0.0893834
4	51	0.123455
4	52	0.0936607
4	53	0.0718771
4	54	0.0423912
4	55	0.0546379
4	56	0.029773
4	57	0.201151
4	58	0.217164
4	59	0.192336
4	60	0.187637
4	61	0.164147
4	62	0.21559
4	63	0.0848439
4	64	0.0911793
4	65	0.171498
4	66	0.228368
4	67	0.178742
4	68	0.170811
4	69	0.254853
4	70	0.193086
4	71	0.173065
4	72	0.163995
4	73	0.109574
4	74	0.0954649
4	75	0.0694577
4	76	0.0851558
4	77	0.081707
4	78	0.0751698
4	79	0.0448708
4	80	0.0490517
4	81	0.0818702
4	82	0.0654373
4	83	0.0457275
4	84	0.038712
4	85	0.0995785
4	86	0.109674
4	87	0.0535367
4	88	0.0725749
4	89	0.0662809
4	90	0.0529164
5	1	0.037089
5	2	0.00956684
5	3	0.120945
5	4	0.0742584
5	5	0
5	6	0.739335
5	7	0.11397
5	8	0.085594
5	9	0.747083
5	10	0.630816
5	11	0.0604959
5	12	0.0368867
5	13	0.0933519
5	14	0.077758
5	15	0.587235
5	16	0.495372
5	17	0.0334158
5	18	0.0140442
5	19	0.042436
5	20	0.0282791
5	21	0.387382
5	22	0.407629
5	23	0.133497
5	24	0.122783
5	25	0.555572
5	26	0.55538
5	27	0.709167
5	28	0.670608
5	29	0.066027
5	30	0.0425693
5	31	0.244348
5	32	0.228926
5	33	0.0312992
5	34	0.0321639
5	35	0.072835
5	36	0.0565538
5	37	0.0816335
5	38	0.0535497
5	39	0.257282
5	40	0.230066
5	41	0.0801643
5	42	0.0797318
5	43	0.158819
5	44	0.128629
5	45	0.086454
5	46	0.101738
5	47	0.143965
5	48	0.106801
5	49	0.0979878
5	50	0.0911975
5	51	0.164245
5	52	0.117607
5	53	0.249762
5	54	0.212943
5	55	0.276387
5	56	0.206627
5	57	0.0335595
5	58	0.00756881
5	59	0.0800203
5	60	0.0590523
5	61	0.0567086
5	62	0.0259209
5	63	0.051794
5	64	0.0158129
5	65	0.126634
5	66	0.0659308
5	67	0.061344
5	68	0.0528165
5	69	0.0296893
5	70	0.0302751
5	71	0.264737
5	72	0.270087
5	73	0.122395
5	74	0.0993515
5	75	0.177627
5	76	0.113178
5	77	0.0725578
5	78	0.0500223
5	79	0.116127
5	80	0.0911373
5	81	0.191783
5	82	0.0836475
5	83	0.199267
5	84	0.190533
5	85	0.33011
5	86	0.264913
5	87	0.30181
5	88	0.276741
5	89	0.390147
5	90	0.306001
6	1	0.0304113
6	2	0.0164565
6	3	0.071383
6	4	0.0826033
6	5	0.739335
6	6	0
6	7	0.0792736
6	8	0.122457
6	9	0.630284
6	10	0.750199
6	11	0.0512328
6	12	0.0542992
6	13	0.0691614
6	14	0.0889736
6	15	0.495559
6	16	0.571828
6	17	0.0365281
6	18	0.0203285
6	19	0.0271118
6	20	0.0324794
6	21	0.333635
6	22	0.41752
6	23	0.0855097
6	24	0.107356
6	25	0.486217
6	26	0.568888
6	27	0.637026
6	28	0.727019
6	29	0.0561895
6	30	0.0508963
6	31	0.233661
6	32	0.239592
6	33	0.0247094
6	34	0.0356714
6	35	0.0364441
6	36	0.0429355
6	37	0.0645453
6	38	0.0508456
6	39	0.223062
6	40	0.250524
6	41	0.0799933
6	42	0.0707955
6	43	0.150585
6	44	0.11357
6	45	0.0881215
6	46	0.106001
6	47	0.124872
6	48	0.100775
6	49	0.102309
6	50	0.0899031
6	51	0.15164
6	52	0.115469
6	53	0.258212
6	54	0.232159
6	55	0.271402
6	56	0.232428
6	57	0.0275834
6	58	0.00930573
6	59	0.0614398
6	60	0.065997
6	61	0.0402117
6	62	0.0548931
6	63	0.0486376
6	64	0.0241158
6	65	0.0852919
6	66	0.0724684
6	67	0.0464139
6	68	0.0512201
6	69	0.0275835
6	70	0.0331513
6	71	0.246434
6	72	0.260859
6	73	0.0902241
6	74	0.101151
6	75	0.147894
6	76	0.101829
6	77	0.0572614
6	78	0.048461
6	79	0.107162
6	80	0.104115
6	81	0.178665
6	82	0.0983564
6	83	0.163842
6	84	0.187575
6	85	0.265659
6	86	0.304984
6	87	0.27175
6	88	0.289897
6	89	0.379807
6	90	0.370495
7	1	0.401843
7	2	0.161757
7	3	0.748765
7	4	0.55283
7	5	0.11397
7	6	0.0792736
7	7	0
7	8	0.568002
7	9	0.204999
7	10	0.0984272
7	11	0.355386
7	12	0.208401
7	13	0.478086
7	14	0.25484
7	15	0.143717
7	16	0.0666918
7	17	0.0801143
7	18	0.0425534
7	19	0.356357
7	20	0.23202
7	21	0.0482338
7	22	0.0510652
7	23	0.559706
7	24	0.489232
7	25	0.108556
7	26	0.102999
7	27	0.0436066
7	28	0.0423229
7	29	0.101447
7	30	0.053659
7	31	0.326273
7	32	0.291183
7	33	0.256472
7	34	0.224959
7	35	0.102678
7	36	0.0556897
7	37	0.0489615
7	38	0.0138584
7	39	0.0365082
7	40	0.0107433
7	41	0.0514563
7	42	0.0484049
7	43	0.0755971
7	44	0.054514
7	45	0.116814
7	46	0.0775411
7	47	0.0509939
7	48	0.0257303
7	49	0.13395
7	50	0.0852946
7	51	0.165123
7	52	0.0843878
7	53	0.0783939
7	54	0.0468395
7	55	0.0629974
7	56	0.023539
7	57	0.241614
7	58	0.11724
7	59	0.220798
7	60	0.0954159
7	61	0.342568
7	62	0.170806
7	63	0.176654
7	64	0.103359
7	65	0.308479
7	66	0.173304
7	67	0.194956
7	68	0.102091
7	69	0.137333
7	70	0.0807413
7	71	0.147245
7	72	0.127839
7	73	0.14124
7	74	0.101662
7	75	0.0875958
7	76	0.0776243
7	77	0.0766429
7	78	0.0472695
7	79	0.058562
7	80	0.0425297
7	81	0.0993043
7	82	0.05151
7	83	0.0540518
7	84	0.0329789
7	85	0.164759
7	86	0.0641632
7	87	0.0653365
7	88	0.0562867
7	89	0.116232
7	90	0.0527735
8	1	0.248534
8	2	0.296515
8	3	0.440362
8	4	0.685978
8	5	0.085594
8	6	0.122457
8	7	0.568002
8	8	0
8	9	0.126591
8	10	0.153365
8	11	0.244398
8	12	0.433865
8	13	0.280706
8	14	0.483219
8	15	0.0682662
8	16	0.108077
8	17	0.0948451
8	18	0.0872636
8	19	0.257214
8	20	0.268709
8	21	0.0368925
8	22	0.0573848
8	23	0.376947
8	24	0.495539
8	25	0.0498206
8	26	0.0752926
8	27	0.0433686
8	28	0.054031
8	29	0.0953359
8	30	0.0804984
8	31	0.238499
8	32	0.311636
8	33	0.287834
8	34	0.379895
8	35	0.0693526
8	36	0.0783063
8	37	0.0292427
8	38	0.0182051
8	39	0.0246508
8	40	0.0146227
8	41	0.0400682
8	42	0.0532709
8	43	0.05756
8	44	0.0509955
8	45	0.084128
8	46	0.0935251
8	47	0.0423205
8	48	0.0331313
8	49	0.0998606
8	50	0.0819052
8	51	0.103141
8	52	0.0803506
8	53	0.0702247
8	54	0.0421877
8	55	0.0433907
8	56	0.0318445
8	57	0.17968
8	58	0.204829
8	59	0.145604
8	60	0.170994
8	61	0.249544
8	62	0.374516
8	63	0.164343
8	64	0.254624
8	65	0.14955
8	66	0.251569
8	67	0.135714
8	68	0.16279
8	69	0.128964
8	70	0.103364
8	71	0.125388
8	72	0.150705
8	73	0.122178
8	74	0.124259
8	75	0.0771574
8	76	0.0914723
8	77	0.0784563
8	78	0.0803453
8	79	0.0503104
8	80	0.0687483
8	81	0.0908885
8	82	0.0912174
8	83	0.0413352
8	84	0.0387662
8	85	0.0770652
8	86	0.0985706
8	87	0.0329825
8	88	0.0425108
8	89	0.0670136
8	90	0.0693293
9	1	0.0545506
9	2	0.00983523
9	3	0.142305
9	4	0.0829199
9	5	0.747083
9	6	0.630284
9	7	0.204999
9	8	0.126591
9	9	0
9	10	0.687025
9	11	0.110885
9	12	0.0623724
9	13	0.193379
9	14	0.132723
9	15	0.677115
9	16	0.510478
9	17	0.0473687
9	18	0.0228746
9	19	0.0523698
9	20	0.0320965
9	21	0.307948
9	22	0.330299
9	23	0.144621
9	24	0.124604
9	25	0.481305
9	26	0.490637
9	27	0.536582
9	28	0.524308
9	29	0.0882747
9	30	0.0540932
9	31	0.226066
9	32	0.208267
9	33	0.0244079
9	34	0.0272237
9	35	0.0857975
9	36	0.0693674
9	37	0.0849367
9	38	0.0540491
9	39	0.20703
9	40	0.173155
9	41	0.0841563
9	42	0.0666333
9	43	0.166517
9	44	0.134798
9	45	0.0917479
9	46	0.0926428
9	47	0.15706
9	48	0.109409
9	49	0.0953092
9	50	0.0858304
9	51	0.1782
9	52	0.11459
9	53	0.226009
9	54	0.179948
9	55	0.242651
9	56	0.172236
9	57	0.0335629
9	58	0.00693897
9	59	0.0673083
9	60	0.043577
9	61	0.0779267
9	62	0.0321675
9	63	0.0555225
9	64	0.0153774
9	65	0.172058
9	66	0.0794731
9	67	0.05478
9	68	0.0515581
9	69	0.0230703
9	70	0.0243856
9	71	0.254936
9	72	0.251847
9	73	0.154243
9	74	0.117686
9	75	0.200561
9	76	0.132213
9	77	0.0903432
9	78	0.0617055
9	79	0.140919
9	80	0.113588
9	81	0.230848
9	82	0.115893
9	83	0.189014
9	84	0.157882
9	85	0.371199
9	86	0.258247
9	87	0.24172
9	88	0.22555
9	89	0.362981
9	90	0.252537
10	1	0.0318884
10	2	0.0115083
10	3	0.0712677
10	4	0.0920003
10	5	0.630816
10	6	0.750199
10	7	0.0984272
10	8	0.153365
10	9	0.687025
10	10	0
10	11	0.0591356
10	12	0.0725306
10	13	0.0781547
10	14	0.127773
10	15	0.511448
10	16	0.660307
10	17	0.0315394
10	18	0.0169606
10	19	0.0293497
10	20	0.0269829
10	21	0.26506
10	22	0.336042
10	23	0.0822577
10	24	0.111095
10	25	0.420975
10	26	0.47682
10	27	0.488541
10	28	0.563823
10	29	0.0534816
10	30	0.0470841
10	31	0.163269
10	32	0.178149
10	33	0.0193462
10	34	0.0296181
10	35	0.0676443
10	36	0.0767998
10	37	0.069106
10	38	0.058989
10	39	0.182758
10	40	0.179784
10	41	0.0762723
10	42	0.0642887
10	43	0.14365
10	44	0.112661
10	45	0.0871404
10	46	0.0996265
10	47	0.127151
10	48	0.102597
10	49	0.0984113
10	50	0.0833538
10	51	0.147486
10	52	0.114863
10	53	0.207581
10	54	0.184811
10	55	0.217879
10	56	0.185104
10	57	0.0199377
10	58	0.00648524
10	59	0.06639
10	60	0.0782653
10	61	0.0614571
10	62	0.0868754
10	63	0.0421646
10	64	0.0219719
10	65	0.107606
10	66	0.116835
10	67	0.0457997
10	68	0.0609957
10	69	0.0187653
10	70	0.0243785
10	71	0.242114
10	72	0.261985
10	73	0.104217
10	74	0.0992797
10	75	0.152696
10	76	0.113996
10	77	0.0788582
10	78	0.0669069
10	79	0.120643
10	80	0.115523
10	81	0.184684
10	82	0.124979
10	83	0.149834
10	84	0.188208
10	85	0.258736
10	86	0.32366
10	87	0.197162
10	88	0.240409
10	89	0.299539
10	90	0.315256
11	1	0.383224
11	2	0.201096
11	3	0.205608
11	4	0.123921
11	5	0.0604959
11	6	0.0512328
11	7	0.355386
11	8	0.244398
11	9	0.110885
11	10	0.0591356
11	11	0
11	12	0.543499
11	13	0.742583
11	14	0.492268
11	15	0.138456
11	16	0.0745424
11	17	0.486211
11	18	0.372246
11	19	0.236193
11	20	0.192425
11	21	0.0490824
11	22	0.0489331
11	23	0.218855
11	24	0.18403
11	25	0.0781039
11	26	0.0635632
11	27	0.0408858
11	28	0.0379104
11	29	0.399417
11	30	0.228967
11	31	0.247906
11	32	0.224072
11	33	0.168398
11	34	0.161022
11	35	0.0557478
11	36	0.051826
11	37	0.0415313
11	38	0.0113394
11	39	0.0249025
11	40	0.00584895
11	41	0.0566792
11	42	0.0502404
11	43	0.0468768
11	44	0.0516658
11	45	0.120903
11	46	0.0799749
11	47	0.0352024
11	48	0.0194765
11	49	0.151294
11	50	0.0841841
11	51	0.118524
11	52	0.0698889
11	53	0.0667493
11	54	0.0238278
11	55	0.048787
11	56	0.0217672
11	57	0.311885
11	58	0.15973
11	59	0.146927
11	60	0.0678092
11	61	0.28984
11	62	0.12147
11	63	0.502118
11	64	0.31156
11	65	0.188065
11	66	0.0705253
11	67	0.0509561
11	68	0.0352136
11	69	0.11651
11	70	0.0768846
11	71	0.0661222
11	72	0.0611668
11	73	0.17986
11	74	0.149074
11	75	0.0886957
11	76	0.0910286
11	77	0.0876998
11	78	0.0713845
11	79	0.229478
11	80	0.160558
11	81	0.226866
11	82	0.150109
11	83	0.0522872
11	84	0.0468163
11	85	0.125905
11	86	0.0258839
11	87	0.0544015
11	88	0.0452022
11	89	0.0738471
11	90	0.0248282
12	1	0.247685
12	2	0.3261
12	3	0.107122
12	4	0.175356
12	5	0.0368867
12	6	0.0542992
12	7	0.208401
12	8	0.433865
12	9	0.0623724
12	10	0.0725306
12	11	0.543499
12	12	0
12	13	0.458486
12	14	0.7614
12	15	0.0645916
12	16	0.108219
12	17	0.375286
12	18	0.511917
12	19	0.173028
12	20	0.222646
12	21	0.0392374
12	22	0.034975
12	23	0.159097
12	24	0.189816
12	25	0.0392474
12	26	0.0493541
12	27	0.0285383
12	28	0.0298429
12	29	0.310815
12	30	0.330082
12	31	0.182794
12	32	0.217924
12	33	0.22401
12	34	0.269495
12	35	0.0558422
12	36	0.07206
12	37	0.0285683
12	38	0.0275837
12	39	0.0119102
12	40	0.00865762
12	41	0.0389007
12	42	0.0468097
12	43	0.0348869
12	44	0.0477168
12	45	0.0808193
12	46	0.0736744
12	47	0.0362628
12	48	0.0288538
12	49	0.115283
12	50	0.0750825
12	51	0.0779543
12	52	0.0709513
12	53	0.0449609
12	54	0.0229155
12	55	0.0381285
12	56	0.0204752
12	57	0.215603
12	58	0.245469
12	59	0.109489
12	60	0.10558
12	61	0.242982
12	62	0.255772
12	63	0.373909
12	64	0.499687
12	65	0.0944816
12	66	0.123981
12	67	0.0589064
12	68	0.0834666
12	69	0.100734
12	70	0.0978435
12	71	0.0409358
12	72	0.0582076
12	73	0.13987
12	74	0.160201
12	75	0.0707906
12	76	0.101238
12	77	0.0730979
12	78	0.107882
12	79	0.151083
12	80	0.194492
12	81	0.14391
12	82	0.225231
12	83	0.0310006
12	84	0.0434718
12	85	0.0580982
12	86	0.0619296
12	87	0.0259289
12	88	0.0352638
12	89	0.0389717
12	90	0.0352149
13	1	0.271664
13	2	0.134012
13	3	0.305149
13	4	0.176394
13	5	0.0933519
13	6	0.0691614
13	7	0.478086
13	8	0.280706
13	9	0.193379
13	10	0.0781547
13	11	0.742583
13	12	0.458486
13	13	0
13	14	0.553027
13	15	0.256466
13	16	0.110599
13	17	0.360633
13	18	0.272585
13	19	0.204266
13	20	0.137655
13	21	0.0571904
13	22	0.0531424
13	23	0.332522
13	24	0.275395
13	25	0.151523
13	26	0.127891
13	27	0.0574251
13	28	0.046932
13	29	0.373082
13	30	0.217428
13	31	0.31468
13	32	0.27162
13	33	0.118354
13	34	0.110157
13	35	0.100904
13	36	0.0770637
13	37	0.0526502
13	38	0.0249185
13	39	0.0297829
13	40	0.00949243
13	41	0.0573119
13	42	0.0598832
13	43	0.0676793
13	44	0.0703556
13	45	0.148628
13	46	0.0886109
13	47	0.045366
13	48	0.0283584
13	49	0.153456
13	50	0.0955592
13	51	0.150926
13	52	0.0901515
13	53	0.0666834
13	54	0.0347213
13	55	0.0546484
13	56	0.0191444
13	57	0.193729
13	58	0.10208
13	59	0.116512
13	60	0.0468593
13	61	0.247518
13	62	0.0954182
13	63	0.362373
13	64	0.19982
13	65	0.27712
13	66	0.11498
13	67	0.0586606
13	68	0.0408154
13	69	0.0919889
13	70	0.0622041
13	71	0.0974177
13	72	0.0841437
13	73	0.182152
13	74	0.157013
13	75	0.090184
13	76	0.0892065
13	77	0.100393
13	78	0.0816069
13	79	0.218788
13	80	0.155936
13	81	0.229026
13	82	0.155401
13	83	0.0580994
13	84	0.0480291
13	85	0.196384
13	86	0.048734
13	87	0.0730607
13	88	0.0589147
13	89	0.102248
13	90	0.0342355
14	1	0.186758
14	2	0.194048
14	3	0.167032
14	4	0.221048
14	5	0.077758
14	6	0.0889736
14	7	0.25484
14	8	0.483219
14	9	0.132723
14	10	0.127773
14	11	0.492268
14	12	0.7614
14	13	0.553027
14	14	0
14	15	0.131942
14	16	0.199171
14	17	0.328309
14	18	0.404867
14	19	0.153696
14	20	0.173864
14	21	0.0699753
14	22	0.053368
14	23	0.212543
14	24	0.279727
14	25	0.10448
14	26	0.117944
14	27	0.0568485
14	28	0.0534029
14	29	0.323085
14	30	0.333961
14	31	0.250592
14	32	0.293718
14	33	0.158634
14	34	0.19385
14	35	0.0996421
14	36	0.129056
14	37	0.0584373
14	38	0.0441525
14	39	0.0240551
14	40	0.00800904
14	41	0.0537227
14	42	0.0695064
14	43	0.0519068
14	44	0.0626031
14	45	0.106614
14	46	0.0861638
14	47	0.0485582
14	48	0.0384596
14	49	0.131718
14	50	0.0743061
14	51	0.111286
14	52	0.0817871
14	53	0.05814
14	54	0.0258639
14	55	0.0513276
14	56	0.018993
14	57	0.162674
14	58	0.143634
14	59	0.100908
14	60	0.0825341
14	61	0.189806
14	62	0.18513
14	63	0.300924
14	64	0.360155
14	65	0.135657
14	66	0.146883
14	67	0.0699931
14	68	0.0947117
14	69	0.0922266
14	70	0.0791257
14	71	0.0905942
14	72	0.12942
14	73	0.186634
14	74	0.183862
14	75	0.0874208
14	76	0.131245
14	77	0.111096
14	78	0.140104
14	79	0.156461
14	80	0.205461
14	81	0.177301
14	82	0.265742
14	83	0.0541712
14	84	0.063525
14	85	0.102087
14	86	0.0868153
14	87	0.0458802
14	88	0.0708313
14	89	0.0571258
14	90	0.0375235
15	1	0.0823036
15	2	0.0237288
15	3	0.131954
15	4	0.0526422
15	5	0.587235
15	6	0.495559
15	7	0.143717
15	8	0.0682662
15	9	0.677115
15	10	0.511448
15	11	0.138456
15	12	0.0645916
15	13	0.256466
15	14	0.131942
15	15	0
15	16	0.635719
15	17	0.0775244
15	18	0.0466296
15	19	0.123322
15	20	0.0722929
15	21	0.419023
15	22	0.373992
15	23	0.172497
15	24	0.118359
15	25	0.460434
15	26	0.437965
15	27	0.522267
15	28	0.497452
15	29	0.23268
15	30	0.173296
15	31	0.221034
15	32	0.186292
15	33	0.0261273
15	34	0.0238075
15	35	0.109551
15	36	0.07715
15	37	0.155133
15	38	0.1033
15	39	0.277745
15	40	0.228609
15	41	0.164222
15	42	0.130612
15	43	0.224541
15	44	0.18412
15	45	0.0914941
15	46	0.0841921
15	47	0.22718
15	48	0.176287
15	49	0.0914347
15	50	0.0726607
15	51	0.181854
15	52	0.120356
15	53	0.265634
15	54	0.199565
15	55	0.307407
15	56	0.225638
15	57	0.0448248
15	58	0.00942235
15	59	0.0568752
15	60	0.0281904
15	61	0.0546781
15	62	0.0114103
15	63	0.0788899
15	64	0.0170698
15	65	0.174355
15	66	0.0489919
15	67	0.0508887
15	68	0.0360705
15	69	0.0499139
15	70	0.0400342
15	71	0.221181
15	72	0.211803
15	73	0.264476
15	74	0.189764
15	75	0.253124
15	76	0.182018
15	77	0.131109
15	78	0.104711
15	79	0.175549
15	80	0.136312
15	81	0.331742
15	82	0.189385
15	83	0.392101
15	84	0.275523
15	85	0.526021
15	86	0.321311
15	87	0.355121
15	88	0.301551
15	89	0.42461
15	90	0.28235
16	1	0.0557228
16	2	0.0330315
16	3	0.0698436
16	4	0.0774184
16	5	0.495372
16	6	0.571828
16	7	0.0666918
16	8	0.108077
16	9	0.510478
16	10	0.660307
16	11	0.0745424
16	12	0.108219
16	13	0.110599
16	14	0.199171
16	15	0.635719
16	16	0
16	17	0.0606731
16	18	0.0467551
16	19	0.0851391
16	20	0.0652571
16	21	0.344454
16	22	0.416138
16	23	0.105716
16	24	0.126484
16	25	0.368833
16	26	0.426251
16	27	0.450044
16	28	0.505816
16	29	0.16628
16	30	0.221201
16	31	0.18186
16	32	0.193029
16	33	0.0371864
16	34	0.0440487
16	35	0.0918655
16	36	0.0930824
16	37	0.17881
16	38	0.158023
16	39	0.275527
16	40	0.277626
16	41	0.178674
16	42	0.190096
16	43	0.181754
16	44	0.157075
16	45	0.0827431
16	46	0.0834471
16	47	0.185722
16	48	0.159172
16	49	0.0952433
16	50	0.0714768
16	51	0.160157
16	52	0.117015
16	53	0.218304
16	54	0.18514
16	55	0.246339
16	56	0.216699
16	57	0.0383836
16	58	0.013045
16	59	0.0585917
16	60	0.0473316
16	61	0.046113
16	62	0.0461742
16	63	0.0683769
16	64	0.0454939
16	65	0.113078
16	66	0.0736124
16	67	0.048832
16	68	0.0571793
16	69	0.0429151
16	70	0.0462932
16	71	0.192755
16	72	0.234181
16	73	0.247466
16	74	0.236148
16	75	0.255667
16	76	0.242285
16	77	0.143511
16	78	0.145534
16	79	0.145338
16	80	0.14832
16	81	0.256039
16	82	0.240736
16	83	0.365133
16	84	0.429965
16	85	0.353752
16	86	0.411042
16	87	0.277401
16	88	0.353986
16	89	0.294059
16	90	0.313307
17	1	0.232449
17	2	0.210095
17	3	0.0662549
17	4	0.0442715
17	5	0.0334158
17	6	0.0365281
17	7	0.0801143
17	8	0.0948451
17	9	0.0473687
17	10	0.0315394
17	11	0.486211
17	12	0.375286
17	13	0.360633
17	14	0.328309
17	15	0.0775244
17	16	0.0606731
17	17	0
17	18	0.683212
17	19	0.174304
17	20	0.218292
17	21	0.0664111
17	22	0.0473839
17	23	0.0725904
17	24	0.0710145
17	25	0.0678027
17	26	0.0737356
17	27	0.0321612
17	28	0.0265825
17	29	0.604371
17	30	0.417129
17	31	0.168598
17	32	0.157905
17	33	0.119315
17	34	0.121502
17	35	0.0835667
17	36	0.116013
17	37	0.0767445
17	38	0.0274427
17	39	0.0233444
17	40	0.0169962
17	41	0.0754247
17	42	0.0584607
17	43	0.0909087
17	44	0.105067
17	45	0.184606
17	46	0.115247
17	47	0.0775727
17	48	0.0688587
17	49	0.178519
17	50	0.0948654
17	51	0.123707
17	52	0.0923084
17	53	0.0767571
17	54	0.0476033
17	55	0.0791427
17	56	0.0557552
17	57	0.356994
17	58	0.213552
17	59	0.0919261
17	60	0.0532658
17	61	0.111409
17	62	0.0536844
17	63	0.512674
17	64	0.347419
17	65	0.106262
17	66	0.0429605
17	67	0.083118
17	68	0.0866296
17	69	0.205896
17	70	0.158983
17	71	0.0157556
17	72	0.0242459
17	73	0.174923
17	74	0.160329
17	75	0.0643647
17	76	0.0819617
17	77	0.07092
17	78	0.0826126
17	79	0.486986
17	80	0.322717
17	81	0.388289
17	82	0.309761
17	83	0.0377755
17	84	0.0427625
17	85	0.114767
17	86	0.0478437
17	87	0.0492712
17	88	0.0512906
17	89	0.0545106
17	90	0.0404608
18	1	0.180783
18	2	0.289886
18	3	0.0244152
18	4	0.0336028
18	5	0.0140442
18	6	0.0203285
18	7	0.0425534
18	8	0.0872636
18	9	0.0228746
18	10	0.0169606
18	11	0.372246
18	12	0.511917
18	13	0.272585
18	14	0.404867
18	15	0.0466296
18	16	0.0467551
18	17	0.683212
18	18	0
18	19	0.144567
18	20	0.218027
18	21	0.0535774
18	22	0.0288907
18	23	0.0382338
18	24	0.0437658
18	25	0.0448935
18	26	0.0392458
18	27	0.0269251
18	28	0.0186452
18	29	0.446937
18	30	0.494171
18	31	0.12406
18	32	0.126083
18	33	0.132838
18	34	0.137625
18	35	0.0878174
18	36	0.137217
18	37	0.0377553
18	38	0.0607033
18	39	0.00489286
18	40	0.0243606
18	41	0.0494487
18	42	0.0455103
18	43	0.0818043
18	44	0.134754
18	45	0.16035
18	46	0.129629
18	47	0.0735063
18	48	0.104122
18	49	0.135028
18	50	0.106812
18	51	0.0788857
18	52	0.11896
18	53	0.0532885
18	54	0.061484
18	55	0.0604922
18	56	0.0831709
18	57	0.306954
18	58	0.310858
18	59	0.0618802
18	60	0.0656916
18	61	0.0911948
18	62	0.086084
18	63	0.408391
18	64	0.480645
18	65	0.0654074
18	66	0.0631793
18	67	0.0789737
18	68	0.101841
18	69	0.197105
18	70	0.163767
18	71	0.011594
18	72	0.0114832
18	73	0.132216
18	74	0.15021
18	75	0.0541766
18	76	0.0826687
18	77	0.0747031
18	78	0.112134
18	79	0.323011
18	80	0.417543
18	81	0.254374
18	82	0.443261
18	83	0.0283813
18	84	0.0415506
18	85	0.0593339
18	86	0.0884257
18	87	0.0289771
18	88	0.0420699
18	89	0.0311674
18	90	0.040049
19	1	0.602954
19	2	0.500108
19	3	0.453482
19	4	0.425417
19	5	0.042436
19	6	0.0271118
19	7	0.356357
19	8	0.257214
19	9	0.0523698
19	10	0.0293497
19	11	0.236193
19	12	0.173028
19	13	0.204266
19	14	0.153696
19	15	0.123322
19	16	0.0851391
19	17	0.174304
19	18	0.144567
19	19	0
19	20	0.802339
19	21	0.0597218
19	22	0.0562651
19	23	0.272244
19	24	0.249593
19	25	0.0454875
19	26	0.0402959
19	27	0.0308412
19	28	0.0230665
19	29	0.148669
19	30	0.105708
19	31	0.124951
19	32	0.100695
19	33	0.349093
19	34	0.294546
19	35	0.0537149
19	36	0.0526287
19	37	0.0759817
19	38	0.0440341
19	39	0.042828
19	40	0.0205793
19	41	0.110599
19	42	0.107764
19	43	0.110251
19	44	0.0867566
19	45	0.104381
19	46	0.0949951
19	47	0.129545
19	48	0.0997009
19	49	0.13884
19	50	0.100632
19	51	0.134897
19	52	0.0887422
19	53	0.101559
19	54	0.0709459
19	55	0.0898239
19	56	0.0504895
19	57	0.437784
19	58	0.387
19	59	0.275874
19	60	0.214898
19	61	0.237545
19	62	0.165745
19	63	0.193518
19	64	0.150346
19	65	0.0829511
19	66	0.0447303
19	67	0.192907
19	68	0.103749
19	69	0.5582
19	70	0.432364
19	71	0.0620475
19	72	0.0740195
19	73	0.222279
19	74	0.170056
19	75	0.138984
19	76	0.154702
19	77	0.126219
19	78	0.110596
19	79	0.104425
19	80	0.0906547
19	81	0.161996
19	82	0.13298
19	83	0.117686
19	84	0.0907922
19	85	0.151263
19	86	0.0717857
19	87	0.0572554
19	88	0.048398
19	89	0.0717745
19	90	0.0365457
20	1	0.572985
20	2	0.622573
20	3	0.306911
20	4	0.419378
20	5	0.0282791
20	6	0.0324794
20	7	0.23202
20	8	0.268709
20	9	0.0320965
20	10	0.0269829
20	11	0.192425
20	12	0.222646
20	13	0.137655
20	14	0.173864
20	15	0.0722929
20	16	0.0652571
20	17	0.218292
20	18	0.218027
20	19	0.802339
20	20	0
20	21	0.0527525
20	22	0.0567193
20	23	0.15532
20	24	0.185794
20	25	0.0295275
20	26	0.0333309
20	27	0.0323624
20	28	0.029417
20	29	0.156015
20	30	0.140856
20	31	0.071463
20	32	0.0702835
20	33	0.343385
20	34	0.345449
20	35	0.0332145
20	36	0.0472832
20	37	0.0581349
20	38	0.0443113
20	39	0.0343812
20	40	0.0228221
20	41	0.103392
20	42	0.103225
20	43	0.104157
20	44	0.0888966
20	45	0.093588
20	46	0.103326
20	47	0.128453
20	48	0.115546
20	49	0.142856
20	50	0.119706
20	51	0.133735
20	52	0.104061
20	53	0.114977
20	54	0.0878076
20	55	0.0951199
20	56	0.0743306
20	57	0.478706
20	58	0.489816
20	59	0.268706
20	60	0.277725
20	61	0.206786
20	62	0.19918
20	63	0.226936
20	64	0.235425
20	65	0.0342735
20	66	0.0363188
20	67	0.175868
20	68	0.126925
20	69	0.617401
20	70	0.527145
20	71	0.0382278
20	72	0.0449309
20	73	0.169919
20	74	0.164951
20	75	0.093538
20	76	0.137368
20	77	0.0934361
20	78	0.0971894
20	79	0.101134
20	80	0.0950548
20	81	0.1803
20	82	0.172542
20	83	0.0975075
20	84	0.0810549
20	85	0.106786
20	86	0.0822205
20	87	0.0412615
20	88	0.039373
20	89	0.0637389
20	90	0.0513135
21	1	0.0490699
21	2	0.0291324
21	3	0.0775058
21	4	0.0571554
21	5	0.387382
21	6	0.333635
21	7	0.0482338
21	8	0.0368925
21	9	0.307948
21	10	0.26506
21	11	0.0490824
21	12	0.0392374
21	13	0.0571904
21	14	0.0699753
21	15	0.419023
21	16	0.344454
21	17	0.0664111
21	18	0.0535774
21	19	0.0597218
21	20	0.0527525
21	21	0
21	22	0.608265
21	23	0.0831834
21	24	0.0894789
21	25	0.36422
21	26	0.388779
21	27	0.477028
21	28	0.427267
21	29	0.161405
21	30	0.15907
21	31	0.18184
21	32	0.164062
21	33	0.0589164
21	34	0.0481053
21	35	0.0688491
21	36	0.0690702
21	37	0.270046
21	38	0.211008
21	39	0.274091
21	40	0.251461
21	41	0.329807
21	42	0.256733
21	43	0.177746
21	44	0.149476
21	45	0.055168
21	46	0.0746878
21	47	0.176909
21	48	0.165741
21	49	0.0704609
21	50	0.0533456
21	51	0.144093
21	52	0.0913084
21	53	0.177465
21	54	0.145118
21	55	0.177461
21	56	0.144781
21	57	0.0471419
21	58	0.0226719
21	59	0.0565493
21	60	0.036457
21	61	0.0538758
21	62	0.0170511
21	63	0.0486652
21	64	0.0288772
21	65	0.0851058
21	66	0.0522436
21	67	0.0435158
21	68	0.0452867
21	69	0.0505532
21	70	0.0458958
21	71	0.193691
21	72	0.182791
21	73	0.208407
21	74	0.146852
21	75	0.173372
21	76	0.151426
21	77	0.101494
21	78	0.10119
21	79	0.118595
21	80	0.0930326
21	81	0.206853
21	82	0.143879
21	83	0.34759
21	84	0.323159
21	85	0.261041
21	86	0.233281
21	87	0.196714
21	88	0.194467
21	89	0.2028
21	90	0.177859
22	1	0.0549317
22	2	0.038068
22	3	0.0727873
22	4	0.0696609
22	5	0.407629
22	6	0.41752
22	7	0.0510652
22	8	0.0573848
22	9	0.330299
22	10	0.336042
22	11	0.0489331
22	12	0.034975
22	13	0.0531424
22	14	0.053368
22	15	0.373992
22	16	0.416138
22	17	0.0473839
22	18	0.0288907
22	19	0.0562651
22	20	0.0567193
22	21	0.608265
22	22	0
22	23	0.0832674
22	24	0.0918027
22	25	0.340347
22	26	0.39323
22	27	0.476203
22	28	0.499785
22	29	0.109977
22	30	0.133346
22	31	0.157586
22	32	0.158914
22	33	0.0612835
22	34	0.0508208
22	35	0.058154
22	36	0.0527288
22	37	0.288021
22	38	0.255211
22	39	0.323571
22	40	0.326489
22	41	0.303548
22	42	0.335894
22	43	0.180703
22	44	0.135678
22	45	0.0632231
22	46	0.0714155
22	47	0.192968
22	48	0.179495
22	49	0.0706621
22	50	0.0636248
22	51	0.138998
22	52	0.0967699
22	53	0.208801
22	54	0.178492
22	55	0.203173
22	56	0.173638
22	57	0.0544078
22	58	0.0350236
22	59	0.0616438
22	60	0.0475896
22	61	0.0580145
22	62	0.0354944
22	63	0.0447608
22	64	0.0162177
22	65	0.069648
22	66	0.0471967
22	67	0.0489575
22	68	0.0527431
22	69	0.0620453
22	70	0.0556924
22	71	0.232083
22	72	0.231629
22	73	0.180839
22	74	0.177403
22	75	0.213156
22	76	0.191761
22	77	0.132242
22	78	0.124645
22	79	0.0868113
22	80	0.056677
22	81	0.182736
22	82	0.109726
22	83	0.365675
22	84	0.410352
22	85	0.251796
22	86	0.256662
22	87	0.206852
22	88	0.228518
22	89	0.231898
22	90	0.212195
23	1	0.193964
23	2	0.112967
23	3	0.689389
23	4	0.524555
23	5	0.133497
23	6	0.0855097
23	7	0.559706
23	8	0.376947
23	9	0.144621
23	10	0.0822577
23	11	0.218855
23	12	0.159097
23	13	0.332522
23	14	0.212543
23	15	0.172497
23	16	0.105716
23	17	0.0725904
23	18	0.0382338
23	19	0.272244
23	20	0.15532
23	21	0.0831834
23	22	0.0832674
23	23	0
23	24	0.83279
23	25	0.293121
23	26	0.253945
23	27	0.112776
23	28	0.090255
23	29	0.0724289
23	30	0.0470813
23	31	0.545284
23	32	0.493061
23	33	0.251436
23	34	0.233276
23	35	0.209573
23	36	0.110732
23	37	0.0741252
23	38	0.0416772
23	39	0.0580111
23	40	0.0323422
23	41	0.0547123
23	42	0.0756216
23	43	0.0593502
23	44	0.04266
23	45	0.112897
23	46	0.0733229
23	47	0.0415998
23	48	0.021172
23	49	0.106558
23	50	0.0845161
23	51	0.11213
23	52	0.0667602
23	53	0.0654417
23	54	0.0275017
23	55	0.0552969
23	56	0.0179651
23	57	0.139682
23	58	0.0779492
23	59	0.0926174
23	60	0.0330083
23	61	0.15044
23	62	0.0845925
23	63	0.0976989
23	64	0.0518707
23	65	0.360914
23	66	0.188846
23	67	0.148413
23	68	0.0937877
23	69	0.0925005
23	70	0.0610451
23	71	0.183878
23	72	0.166967
23	73	0.122013
23	74	0.0962917
23	75	0.0901777
23	76	0.0733733
23	77	0.0663681
23	78	0.046486
23	79	0.0588267
23	80	0.0365051
23	81	0.0762081
23	82	0.038168
23	83	0.0778368
23	84	0.0681304
23	85	0.192406
23	86	0.0608133
23	87	0.138043
23	88	0.127464
23	89	0.0908355
23	90	0.0231114
24	1	0.181716
24	2	0.13534
24	3	0.64011
24	4	0.650944
24	5	0.122783
24	6	0.107356
24	7	0.489232
24	8	0.495539
24	9	0.124604
24	10	0.111095
24	11	0.18403
24	12	0.189816
24	13	0.275395
24	14	0.279727
24	15	0.118359
24	16	0.126484
24	17	0.0710145
24	18	0.0437658
24	19	0.249593
24	20	0.185794
24	21	0.0894789
24	22	0.0918027
24	23	0.83279
24	24	0
24	25	0.259134
24	26	0.280069
24	27	0.0945988
24	28	0.0830664
24	29	0.0820074
24	30	0.0648703
24	31	0.496338
24	32	0.533937
24	33	0.229088
24	34	0.252716
24	35	0.185162
24	36	0.142565
24	37	0.0738775
24	38	0.0416674
24	39	0.0588552
24	40	0.0349635
24	41	0.0586864
24	42	0.0841588
24	43	0.0583338
24	44	0.0503579
24	45	0.110809
24	46	0.0896646
24	47	0.0397314
24	48	0.0208911
24	49	0.1067
24	50	0.0904382
24	51	0.10595
24	52	0.0717273
24	53	0.0627453
24	54	0.0268586
24	55	0.0521697
24	56	0.0174347
24	57	0.143882
24	58	0.0835268
24	59	0.101299
24	60	0.0556786
24	61	0.141757
24	62	0.121509
24	63	0.0933879
24	64	0.0611032
24	65	0.307547
24	66	0.252529
24	67	0.150499
24	68	0.128754
24	69	0.108575
24	70	0.0764639
24	71	0.211669
24	72	0.210081
24	73	0.129534
24	74	0.110703
24	75	0.0841205
24	76	0.0809216
24	77	0.0762243
24	78	0.0675948
24	79	0.0701099
24	80	0.0619162
24	81	0.0966714
24	82	0.0628435
24	83	0.0734766
24	84	0.0716565
24	85	0.161443
24	86	0.0992012
24	87	0.120483
24	88	0.128517
24	89	0.0781582
24	90	0.028373
25	1	0.0434152
25	2	0.02854
25	3	0.196683
25	4	0.0981546
25	5	0.555572
25	6	0.486217
25	7	0.108556
25	8	0.0498206
25	9	0.481305
25	10	0.420975
25	11	0.0781039
25	12	0.0392474
25	13	0.151523
25	14	0.10448
25	15	0.460434
25	16	0.368833
25	17	0.0678027
25	18	0.0448935
25	19	0.0454875
25	20	0.0295275
25	21	0.36422
25	22	0.340347
25	23	0.293121
25	24	0.259134
25	25	0
25	26	0.80341
25	27	0.549127
25	28	0.499965
25	29	0.111218
25	30	0.0868006
25	31	0.403883
25	32	0.333527
25	33	0.0361642
25	34	0.0356597
25	35	0.227316
25	36	0.160882
25	37	0.128754
25	38	0.0764232
25	39	0.154635
25	40	0.129638
25	41	0.091369
25	42	0.0778243
25	43	0.171996
25	44	0.145708
25	45	0.163304
25	46	0.120853
25	47	0.119845
25	48	0.102938
25	49	0.131378
25	50	0.118698
25	51	0.181929
25	52	0.144018
25	53	0.127599
25	54	0.105922
25	55	0.144361
25	56	0.103573
25	57	0.0425913
25	58	0.0212075
25	59	0.0658661
25	60	0.0353514
25	61	0.0340995
25	62	0.00883301
25	63	0.0468829
25	64	0.00979317
25	65	0.258979
25	66	0.131227
25	67	0.141579
25	68	0.109099
25	69	0.0435537
25	70	0.0452269
25	71	0.244418
25	72	0.235912
25	73	0.160965
25	74	0.127848
25	75	0.143653
25	76	0.126195
25	77	0.0998736
25	78	0.0802638
25	79	0.163411
25	80	0.137101
25	81	0.213212
25	82	0.136201
25	83	0.188157
25	84	0.166862
25	85	0.323289
25	86	0.213726
25	87	0.230888
25	88	0.215264
25	89	0.186789
25	90	0.129604
26	1	0.0327625
26	2	0.0158323
26	3	0.167919
26	4	0.118764
26	5	0.55538
26	6	0.568888
26	7	0.102999
26	8	0.0752926
26	9	0.490637
26	10	0.47682
26	11	0.0635632
26	12	0.0493541
26	13	0.127891
26	14	0.117944
26	15	0.437965
26	16	0.426251
26	17	0.0737356
26	18	0.0392458
26	19	0.0402959
26	20	0.0333309
26	21	0.388779
26	22	0.39323
26	23	0.253945
26	24	0.280069
26	25	0.80341
26	26	0
26	27	0.550457
26	28	0.564247
26	29	0.130129
26	30	0.1084
26	31	0.427969
26	32	0.415046
26	33	0.0283721
26	34	0.0343675
26	35	0.190714
26	36	0.159839
26	37	0.12075
26	38	0.0826619
26	39	0.160085
26	40	0.145192
26	41	0.0854946
26	42	0.0889348
26	43	0.166332
26	44	0.149019
26	45	0.148148
26	46	0.119536
26	47	0.115608
26	48	0.101997
26	49	0.12453
26	50	0.105158
26	51	0.180744
26	52	0.145637
26	53	0.135503
26	54	0.107494
26	55	0.141014
26	56	0.100469
26	57	0.035265
26	58	0.0109891
26	59	0.0578676
26	60	0.0312286
26	61	0.0390155
26	62	0.0210538
26	63	0.0417441
26	64	0.00565892
26	65	0.213222
26	66	0.150871
26	67	0.117158
26	68	0.120543
26	69	0.0375841
26	70	0.0357628
26	71	0.24304
26	72	0.266991
26	73	0.181242
26	74	0.151684
26	75	0.154546
26	76	0.142886
26	77	0.0904399
26	78	0.0766227
26	79	0.178091
26	80	0.145995
26	81	0.22697
26	82	0.157266
26	83	0.173496
26	84	0.181681
26	85	0.301415
26	86	0.267345
26	87	0.210918
26	88	0.240594
26	89	0.181747
26	90	0.156282
27	1	0.0390395
27	2	0.0371087
27	3	0.0723659
27	4	0.0438639
27	5	0.709167
27	6	0.637026
27	7	0.0436066
27	8	0.0433686
27	9	0.536582
27	10	0.488541
27	11	0.0408858
27	12	0.0285383
27	13	0.0574251
27	14	0.0568485
27	15	0.522267
27	16	0.450044
27	17	0.0321612
27	18	0.0269251
27	19	0.0308412
27	20	0.0323624
27	21	0.477028
27	22	0.476203
27	23	0.112776
27	24	0.0945988
27	25	0.549127
27	26	0.550457
27	27	0
27	28	0.805256
27	29	0.0691522
27	30	0.0571541
27	31	0.207125
27	32	0.188532
27	33	0.0316585
27	34	0.0338669
27	35	0.0772984
27	36	0.0529967
27	37	0.0901276
27	38	0.0738937
27	39	0.291421
27	40	0.288026
27	41	0.100362
27	42	0.116683
27	43	0.150847
27	44	0.120491
27	45	0.0896484
27	46	0.0977009
27	47	0.139508
27	48	0.113099
27	49	0.107666
27	50	0.0955378
27	51	0.140796
27	52	0.118942
27	53	0.226265
27	54	0.209649
27	55	0.275747
27	56	0.242889
27	57	0.0475449
27	58	0.0331534
27	59	0.0695799
27	60	0.0516607
27	61	0.0390389
27	62	0.0172674
27	63	0.0327863
27	64	0.0115201
27	65	0.102966
27	66	0.0630941
27	67	0.0484935
27	68	0.046574
27	69	0.0358378
27	70	0.0424374
27	71	0.224305
27	72	0.221902
27	73	0.0958652
27	74	0.0944195
27	75	0.143237
27	76	0.0973649
27	77	0.0643748
27	78	0.0609068
27	79	0.087194
27	80	0.0869849
27	81	0.152538
27	82	0.0971692
27	83	0.269298
27	84	0.261209
27	85	0.295506
27	86	0.262019
27	87	0.3438
27	88	0.335183
27	89	0.363821
27	90	0.312058
28	1	0.03668
28	2	0.0262303
28	3	0.0662991
28	4	0.0501619
28	5	0.670608
28	6	0.727019
28	7	0.0423229
28	8	0.054031
28	9	0.524308
28	10	0.563823
28	11	0.0379104
28	12	0.0298429
28	13	0.046932
28	14	0.0534029
28	15	0.497452
28	16	0.505816
28	17	0.0265825
28	18	0.0186452
28	19	0.0230665
28	20	0.029417
28	21	0.427267
28	22	0.499785
28	23	0.090255
28	24	0.0830664
28	25	0.499965
28	26	0.564247
28	27	0.805256
28	28	0
28	29	0.0535029
28	30	0.0498576
28	31	0.202913
28	32	0.191082
28	33	0.0267688
28	34	0.0281957
28	35	0.0661502
28	36	0.0490109
28	37	0.0791058
28	38	0.0707606
28	39	0.277597
28	40	0.305619
28	41	0.0974849
28	42	0.0868517
28	43	0.14448
28	44	0.11183
28	45	0.0716928
28	46	0.0940938
28	47	0.138623
28	48	0.116205
28	49	0.0916234
28	50	0.0829751
28	51	0.129336
28	52	0.103359
28	53	0.240143
28	54	0.217799
28	55	0.283355
28	56	0.262589
28	57	0.0377406
28	58	0.0154054
28	59	0.0623921
28	60	0.0561855
28	61	0.0341052
28	62	0.0234969
28	63	0.035314
28	64	0.00932018
28	65	0.0926519
28	66	0.0665702
28	67	0.0476884
28	68	0.0483586
28	69	0.0339419
28	70	0.0411542
28	71	0.215508
28	72	0.221076
28	73	0.0964999
28	74	0.0923896
28	75	0.142321
28	76	0.0959063
28	77	0.050554
28	78	0.0500965
28	79	0.0865282
28	80	0.0906077
28	81	0.141902
28	82	0.0930757
28	83	0.238209
28	84	0.238185
28	85	0.281079
28	86	0.307201
28	87	0.342153
28	88	0.344021
28	89	0.387522
28	90	0.365064
29	1	0.153628
29	2	0.114837
29	3	0.0786857
29	4	0.0537454
29	5	0.066027
29	6	0.0561895
29	7	0.101447
29	8	0.0953359
29	9	0.0882747
29	10	0.0534816
29	11	0.399417
29	12	0.310815
29	13	0.373082
29	14	0.323085
29	15	0.23268
29	16	0.16628
29	17	0.604371
29	18	0.446937
29	19	0.148669
29	20	0.156015
29	21	0.161405
29	22	0.109977
29	23	0.0724289
29	24	0.0820074
29	25	0.111218
29	26	0.130129
29	27	0.0691522
29	28	0.0535029
29	29	0
29	30	0.670524
29	31	0.21347
29	32	0.204587
29	33	0.0921253
29	34	0.0939473
29	35	0.067111
29	36	0.0884006
29	37	0.171725
29	38	0.094695
29	39	0.0545365
29	40	0.0259201
29	41	0.145699
29	42	0.116968
29	43	0.0930958
29	44	0.116668
29	45	0.101239
29	46	0.0675447
29	47	0.0889203
29	48	0.0753686
29	49	0.102663
29	50	0.0518484
29	51	0.0968631
29	52	0.0657999
29	53	0.056025
29	54	0.0258378
29	55	0.0765616
29	56	0.0322868
29	57	0.191589
29	58	0.0938728
29	59	0.0603664
29	60	0.028726
29	61	0.0868716
29	62	0.0359645
29	63	0.34489
29	64	0.226785
29	65	0.0713583
29	66	0.0194611
29	67	0.0382349
29	68	0.0386807
29	69	0.0906909
29	70	0.0630412
29	71	0.0623476
29	72	0.0631726
29	73	0.410288
29	74	0.324422
29	75	0.186254
29	76	0.20927
29	77	0.208136
29	78	0.21168
29	79	0.442939
29	80	0.305347
29	81	0.473837
29	82	0.306562
29	83	0.168051
29	84	0.1352
29	85	0.149633
29	86	0.0659447
29	87	0.0744016
29	88	0.0690402
29	89	0.0576702
29	90	0.0275199
30	1	0.0934012
30	2	0.117922
30	3	0.0432768
30	4	0.0408921
30	5	0.0425693
30	6	0.0508963
30	7	0.053659
30	8	0.0804984
30	9	0.0540932
30	10	0.0470841
30	11	0.228967
30	12	0.330082
30	13	0.217428
30	14	0.333961
30	15	0.173296
30	16	0.221201
30	17	0.417129
30	18	0.494171
30	19	0.105708
30	20	0.140856
30	21	0.15907
30	22	0.133346
30	23	0.0470813
30	24	0.0648703
30	25	0.0868006
30	26	0.1084
30	27	0.0571541
30	28	0.0498576
30	29	0.670524
30	30	0
30	31	0.138106
30	32	0.146276
30	33	0.0724942
30	34	0.094756
30	35	0.0753483
30	36	0.108073
30	37	0.150846
30	38	0.19082
30	39	0.0436761
30	40	0.0618621
30	41	0.152895
30	42	0.181669
30	43	0.0836763
30	44	0.121595
30	45	0.0742721
30	46	0.0502206
30	47	0.0860951
30	48	0.0867477
30	49	0.0673239
30	50	0.0355796
30	51	0.0560895
30	52	0.0448071
30	53	0.0368604
30	54	0.0206153
30	55	0.0546664
30	56	0.0358271
30	57	0.135262
30	58	0.104867
30	59	0.039974
30	60	0.0328989
30	61	0.0572232
30	62	0.0404885
30	63	0.212471
30	64	0.200495
30	65	0.0313332
30	66	0.0136282
30	67	0.0343047
30	68	0.0451196
30	69	0.0927937
30	70	0.0794798
30	71	0.0654563
30	72	0.0524946
30	73	0.307915
